# L = 8.0 
# X: T
# Y: Binder Cumulant
0.0	1.0 +/- 0.0
0.1	1.0 +/- 0.0
0.2	1.0 +/- 0.0
0.3	1.0 +/- 0.0
0.4	0.999998798883 +/- 1.5473924907e-07
0.5	0.999998815435 +/- 5.81257845289e-06
0.6	0.9999547036 +/- 1.50559966962e-05
0.7	1.0000212396 +/- 3.68479427689e-05
0.8	1.00011266217 +/- 6.89990006333e-05
0.9	1.00047148337 +/- 0.000102895192896
1.0	1.00082867738 +/- 0.00016905646815
1.1	1.0021492641 +/- 0.000264442457271
1.2	1.00514968264 +/- 0.000345699517519
1.3	1.01510244144 +/- 0.000475672579289
1.4	1.04155412207 +/- 0.000633115888393
1.5	1.12945878826 +/- 0.000901953549575
1.6	1.3358008201 +/- 0.00123258514356
1.7	1.67101927503 +/- 0.00218051126572
1.8	2.01362113358 +/- 0.00323683197432
1.9	2.28621584027 +/- 0.00526119375221
2.0	2.47525879602 +/- 0.00650614895619
2.1	2.58712988791 +/- 0.00786688941723
2.2	2.70092614681 +/- 0.0109161489785
2.3	2.72110510321 +/- 0.0100125157299
2.4	2.7842492565 +/- 0.0144011074374
2.5	2.8308947606 +/- 0.0151600913298
2.6	2.83628850847 +/- 0.014973157188
2.7	2.83798210008 +/- 0.0134733302571
2.8	2.88266300288 +/- 0.0189947106591
2.9	2.87122568707 +/- 0.0192608233338
3.0	2.8957224081 +/- 0.0217036673744
3.1	2.87341369173 +/- 0.0214967203354
3.2	2.9143745131 +/- 0.0237937450817
3.3	2.9066945918 +/- 0.0230853767769
3.4	2.93277884749 +/- 0.0248350175436
3.5	2.9688007037 +/- 0.0249365648324
3.6	2.97794748831 +/- 0.0244972315019
3.7	2.93934136204 +/- 0.0228141744603
3.8	2.92845953612 +/- 0.0290897936596
3.9	2.90968875102 +/- 0.0272390144588
4.0	2.93284664362 +/- 0.0278228777632


# L = 16.0 
# X: T
# Y: Binder Cumulant
0.0	1.0 +/- 0.0
0.1	1.0 +/- 0.0
0.2	1.0 +/- 0.0
0.3	1.0 +/- 0.0
0.4	0.999998624136 +/- 9.93758334923e-08
0.5	0.999997033972 +/- 7.01823304856e-06
0.6	0.999996903354 +/- 2.01281046779e-05
0.7	0.999977501559 +/- 4.16565736225e-05
0.8	1.00003846951 +/- 6.76420032439e-05
0.9	1.00018401252 +/- 0.000110773632918
1.0	1.00011854585 +/- 0.000168508382283
1.1	1.00036833574 +/- 0.000236093244719
1.2	1.0015288969 +/- 0.000304406142105
1.3	1.00361091408 +/- 0.000425224994771
1.4	1.01454023304 +/- 0.000589275789418
1.5	1.10853914809 +/- 0.00105472004648
1.6	1.63351739574 +/- 0.00298085112539
1.7	2.32627826903 +/- 0.0074882984891
1.8	2.62032450169 +/- 0.00967464012808
1.9	2.78787932467 +/- 0.0160566265202
2.0	2.84091799432 +/- 0.0218756559097
2.1	2.90263388548 +/- 0.0242219993649
2.2	2.91007182543 +/- 0.0336483400431
2.3	2.9527833208 +/- 0.0319862359768
2.4	2.99264914564 +/- 0.0315298979595
2.5	2.88168697159 +/- 0.0317581143325
2.6	2.978153793 +/- 0.0352040109895
2.7	2.93946359798 +/- 0.0405731840321
2.8	2.94168634562 +/- 0.0390671077089
2.9	3.01733546586 +/- 0.0456605638534
3.0	2.92083415177 +/- 0.0538704264954
3.1	2.8804116829 +/- 0.0484936387022
3.2	2.9852061176 +/- 0.0603756108883
3.3	2.99617528205 +/- 0.0588621416198
3.4	3.06120500492 +/- 0.0673212765707
3.5	3.01395645723 +/- 0.0552658519114
3.6	3.05724166052 +/- 0.0580051703204
3.7	3.03821084508 +/- 0.0629260715937
3.8	2.94929189921 +/- 0.0580165491324
3.9	2.99950979009 +/- 0.0681863408274
4.0	2.92109719285 +/- 0.0709722690343


# L = 24.0 
# X: T
# Y: Binder Cumulant
0.0	1.0 +/- 0.0
0.1	1.0 +/- 0.0
0.2	1.0 +/- 0.0
0.3	0.999999983529 +/- 7.12825337817e-09
0.4	0.999998673489 +/- 6.36683320357e-08
0.5	0.999998644042 +/- 6.20100244181e-06
0.6	0.999993775395 +/- 1.76154246349e-05
0.7	0.99999659897 +/- 3.79042649471e-05
0.8	0.999989461667 +/- 7.54297401204e-05
0.9	1.00022472855 +/- 0.000113219081956
1.0	1.00001999974 +/- 0.000173954242508
1.1	1.00043715645 +/- 0.000252367402066
1.2	1.0006725277 +/- 0.000337974256304
1.3	1.00119889477 +/- 0.000449499236745
1.4	1.00717173633 +/- 0.000645926606759
1.5	1.09183804331 +/- 0.00122374474279
1.6	1.96766717971 +/- 0.00466907746916
1.7	2.6598122057 +/- 0.0149015428735
1.8	2.84806038589 +/- 0.0214502713817
1.9	2.91089728282 +/- 0.0317794367318
2.0	2.94940002281 +/- 0.0357206192375
2.1	2.94944622428 +/- 0.0438131533643
2.2	3.01218037596 +/- 0.0470908452803
2.3	3.02236871907 +/- 0.0552315039422
2.4	3.03005507169 +/- 0.060126541662
2.5	3.02714011672 +/- 0.0646126580861
2.6	2.96627785038 +/- 0.0530615895838
2.7	3.00685848312 +/- 0.0642971585327
2.8	2.90316636152 +/- 0.0677145997331
2.9	2.91226524325 +/- 0.0695516728309
3.0	2.92677425668 +/- 0.0661138261007
3.1	3.06649070664 +/- 0.0916396361619
3.2	3.08389655195 +/- 0.0984512647436
3.3	2.87763415378 +/- 0.0806090131446
3.4	2.93601839973 +/- 0.0999058438193
3.5	2.96527826429 +/- 0.07920647066
3.6	2.8081938104 +/- 0.0780782405276
3.7	2.89748365505 +/- 0.0948988085007
3.8	3.02440486509 +/- 0.122264312391
3.9	2.96453979227 +/- 0.0994486470771
4.0	3.01403609405 +/- 0.0921462938062


# L = 28.0 
# X: T
# Y: Binder Cumulant
0.0	1.0 +/- 0.0
0.1	1.0 +/- 0.0
0.2	1.0 +/- 0.0
0.3	0.999999995037 +/- 3.49548202888e-09
0.4	1.00000258275 +/- 2.72157359529e-06
0.5	0.999993070956 +/- 5.90104455582e-06
0.6	1.0000004152 +/- 1.98625766516e-05
0.7	0.999962811734 +/- 3.94783234394e-05
0.8	1.0000889256 +/- 7.66841186542e-05
0.9	1.00016002803 +/- 0.000118183886332
1.0	1.00004829327 +/- 0.000160317939205
1.1	1.00022969921 +/- 0.000253530834476
1.2	1.00051041563 +/- 0.000373181637103
1.3	1.00091593785 +/- 0.00047803288251
1.4	1.00488833545 +/- 0.000679695164375
1.5	1.08537797251 +/- 0.00115258343787
1.6	2.12105444971 +/- 0.00594876079052
1.7	2.72985767951 +/- 0.0151279035412
1.8	2.86180432247 +/- 0.0224868588195
1.9	2.88322584648 +/- 0.0344985881208
2.0	2.93022290741 +/- 0.045228679954
2.1	2.96167985816 +/- 0.0536051501589
2.2	3.0791933463 +/- 0.0543584024735
2.3	2.8817948903 +/- 0.0524903015882
2.4	3.1054341738 +/- 0.0693503660796
2.5	3.02805011718 +/- 0.0771551960529
2.6	3.09140005668 +/- 0.0766241052259
2.7	3.10591489617 +/- 0.0773454710379
2.8	2.99185957861 +/- 0.0768137181545
2.9	2.91262226316 +/- 0.0725366728943
3.0	2.87969246627 +/- 0.0997552956
3.1	2.86838068688 +/- 0.0738397789057
3.2	2.94004648106 +/- 0.0909071734049
3.3	3.08679129916 +/- 0.102842476962
3.4	2.94740164292 +/- 0.0946058884645
3.5	3.00334821139 +/- 0.0977010930802
3.6	3.01771747946 +/- 0.108871444206
3.7	3.01268244531 +/- 0.123953943767
3.8	3.03073746533 +/- 0.119711068194
3.9	2.9870927758 +/- 0.108944415627
4.0	2.91871217318 +/- 0.108801096084


# L = 32.0 
# X: T
# Y: Binder Cumulant
0.0	1.0 +/- 0.0
0.1	1.0 +/- 0.0
0.2	1.0 +/- 0.0
0.3	0.999999992393 +/- 3.75723675375e-09
0.4	0.99999869164 +/- 5.12710636679e-08
0.5	1.00001740272 +/- 8.32289938549e-06
0.6	0.999973842363 +/- 1.76276448047e-05
0.7	1.00000153401 +/- 4.44104934573e-05
0.8	1.00009945732 +/- 7.97379017715e-05
0.9	1.00004214005 +/- 0.00012489783888
1.0	0.999979961671 +/- 0.000179512421152
1.1	1.00009306528 +/- 0.000279831170225
1.2	1.00105286585 +/- 0.000386830565246
1.3	1.00054144692 +/- 0.000489066640116
1.4	1.00409639033 +/- 0.000709499704275
1.5	1.07518018409 +/- 0.00119069025477
1.6	2.2658294947 +/- 0.00690321997193
1.7	2.8061604124 +/- 0.0204990220029
1.8	2.94746163599 +/- 0.0290868265797
1.9	2.86224006159 +/- 0.0378957940521
2.0	2.88374594789 +/- 0.0514725850858
2.1	2.87494735891 +/- 0.0513926894721
2.2	2.92795187869 +/- 0.0562270921219
2.3	3.05290352922 +/- 0.0668865323798
2.4	3.06969391987 +/- 0.0767177624338
2.5	3.12319929271 +/- 0.0772159639112
2.6	3.17175544138 +/- 0.0996778754415
2.7	2.81086309965 +/- 0.0838878805688
2.8	3.0433629921 +/- 0.105131750762
2.9	3.03752457596 +/- 0.101466562658
3.0	2.97072039163 +/- 0.0995209362805
3.1	3.00717899795 +/- 0.116369621927
3.2	3.03289822025 +/- 0.108036609235
3.3	2.95669776456 +/- 0.102007168502
3.4	3.01950371236 +/- 0.132111108212
3.5	2.99566542874 +/- 0.13073599286
3.6	2.96700285331 +/- 0.115402567361
3.7	3.07802179499 +/- 0.112096728538
3.8	2.94576833717 +/- 0.11744906761
3.9	3.18590221544 +/- 0.135153962154
4.0	3.07933651105 +/- 0.137186145873


# L = 40.0 
# X: T
# Y: Binder Cumulant
0.0	1.0 +/- 0.0
0.1	1.0 +/- 0.0
0.2	1.0 +/- 0.0
0.3	0.99999999251 +/- 3.90506879522e-09
0.4	0.999998752917 +/- 4.23333664918e-08
0.5	0.999988183169 +/- 5.17435040983e-06
0.6	1.00001761326 +/- 2.20613367396e-05
0.7	1.00000275814 +/- 4.35046555304e-05
0.8	0.9999797588 +/- 8.09540610149e-05
0.9	0.999840354085 +/- 0.000117190306578
1.0	1.00005457503 +/- 0.000178601974386
1.1	0.999923752723 +/- 0.000262400280677
1.2	1.00015158318 +/- 0.000320339061067
1.3	1.00028359702 +/- 0.000499615321068
1.4	1.00289852882 +/- 0.000613312683142
1.5	1.06456501017 +/- 0.00132641568922
1.6	2.46945966991 +/- 0.0094628872906
1.7	2.89060473339 +/- 0.0248303823652
1.8	2.97027389296 +/- 0.0404167985945
1.9	2.99853639295 +/- 0.057246536585
2.0	3.02447627068 +/- 0.0595366220673
2.1	2.96952733773 +/- 0.0781617042497
2.2	3.07629919281 +/- 0.0816786408823
2.3	3.1114738485 +/- 0.0939785707846
2.4	3.05284145304 +/- 0.0866470331143
2.5	3.00043927084 +/- 0.112892934158
2.6	3.03529366406 +/- 0.133297985932
2.7	3.04647810285 +/- 0.12550590002
2.8	2.93320429271 +/- 0.132659737591
2.9	3.08561009348 +/- 0.141067462811
3.0	2.93260396773 +/- 0.126632544282
3.1	3.23213653772 +/- 0.139543412774
3.2	2.96563536597 +/- 0.142877170134
3.3	2.7904285597 +/- 0.15465293805
3.4	3.27865735601 +/- 0.1696767471
3.5	2.87761343542 +/- 0.148296608614
3.6	2.81439514331 +/- 0.137904998796
3.7	3.13799515208 +/- 0.182915224011
3.8	2.93425088654 +/- 0.136529608842
3.9	2.93221155935 +/- 0.143506834899
4.0	3.00406313428 +/- 0.148557118318


