1.5065653680065276
1.5056193382506935
1.5053152037753437
1.5055143963009017
1.505414345317794
1.5047601717183907
1.5045351979387922
1.5050113285459135
1.504997535824517
1.5052912299098367
1.5051549443191508
1.5065803716661874
1.5056370361277498
1.5052912299098367
1.5051549443191508
1.5065803716661874
1.5056370361277498
1.5052912299098367
1.5051549443191508
1.5065803716661874
1.5056370361277498
1.5052912299098367
1.5051549443191508
1.5065803716661874
1.5056370361277498
1.5052912299098367
1.5051549443191508
1.5065803716661874
1.5056370361277498
1.5052912299098367
1.5051549443191508
1.5065803716661874
1.5056370361277498
1.5052912299098367
1.5051549443191508
1.5065803716661874
1.5056370361277498
1.5040414002307883
1.5052912299098367
1.5051549443191508
1.5065803716661874
1.5056370361277498
1.5052912299098367
1.5051549443191508
1.5065803716661874
1.5056370361277498
1.5052912299098367
1.5051549443191508
1.5065803716661874
1.5056370361277498
1.5052912299098367
1.5051549443191508
1.5065803716661874
1.5056370361277498
1.5052912299098367
1.5051549443191508
1.5065803716661874
1.5056370361277498
1.5052912299098367
1.5051549443191508
1.5065803716661874
1.5056370361277498
1.5052912299098367
1.5051549443191508
1.5065803716661874
1.5056370361277498
1.5052912299098367
1.5051549443191508
1.5065803716661874
1.5056370361277498
1.5049546811462218
