# L = 32.0 
# X: T
# Y: |Magnetization|
1.45	0.839360438568 +/- 8.75920758318e-05
1.451	0.838026980145 +/- 9.36845344849e-05
1.452	0.83665761424 +/- 9.1481187986e-05
1.453	0.835187543137 +/- 9.12285633695e-05
1.454	0.83378471164 +/- 9.43991395963e-05
1.455	0.832395730635 +/- 0.000100244356192
1.456	0.83088852216 +/- 9.95182210315e-05
1.457	0.829226017337 +/- 0.000103901490707
1.458	0.827720104309 +/- 0.000104405898958
1.459	0.826124015344 +/- 0.000106311484859
1.46	0.824718469154 +/- 0.000106448600912
1.461	0.82306817571 +/- 0.00011629559269
1.462	0.821396995362 +/- 0.000113830410578
1.463	0.819753182981 +/- 0.000114770856475
1.464	0.817883166854 +/- 0.000114240280341
1.465	0.816316220774 +/- 0.000123847050983
1.466	0.814494187559 +/- 0.000125896342732
1.467	0.812891278305 +/- 0.000127263579685
1.468	0.810935938719 +/- 0.00013080953232
1.469	0.80900780206 +/- 0.000133944158084
1.47	0.807324073453 +/- 0.000132760177756
1.471	0.805210597946 +/- 0.000146873792676
1.472	0.803392961928 +/- 0.00012569491536
1.473	0.801626969893 +/- 0.000147926195775
1.474	0.799458234141 +/- 0.000149807213311
1.475	0.797178224667 +/- 0.000151010898767
1.476	0.795198150998 +/- 0.000147783742202
1.477	0.793117061815 +/- 0.000161214333643
1.478	0.79090451196 +/- 0.000176267332058
1.479	0.788583831036 +/- 0.000166450319276
1.48	0.786468824264 +/- 0.000163108000934
1.481	0.783897554513 +/- 0.000174203838186
1.482	0.781807110539 +/- 0.000182140302633
1.483	0.778865145465 +/- 0.00018312210782
1.484	0.776662346226 +/- 0.000190250742981
1.485	0.773945208265 +/- 0.000190542137996
1.486	0.771223724195 +/- 0.000188541299264
1.487	0.768627977501 +/- 0.000193676418484
1.488	0.766052782806 +/- 0.000216395900027
1.489	0.763435362436 +/- 0.0002047104305
1.49	0.760603469104 +/- 0.000221541216606
1.491	0.75761878963 +/- 0.000220640898112
1.492	0.754656467967 +/- 0.000234381932409
1.493	0.751251668573 +/- 0.000244864152929
1.494	0.748337700674 +/- 0.000245980557666
1.495	0.744290286089 +/- 0.000259128755989
1.496	0.742394928371 +/- 0.000246159950923
1.497	0.738362657251 +/- 0.000261805238567
1.498	0.734898989647 +/- 0.000261311894687
1.499	0.731619478726 +/- 0.000315048275662
1.5	0.727739464103 +/- 0.000287055041647
1.501	0.724417669044 +/- 0.000265485774415
1.502	0.720835401839 +/- 0.000299760587345
1.503	0.716437183557 +/- 0.000315530833326
1.504	0.712130050423 +/- 0.000333360128821
1.505	0.708742492682 +/- 0.000315671161303
1.506	0.70463109771 +/- 0.000336027839138
1.507	0.700859134329 +/- 0.000363767307209
1.508	0.696193687243 +/- 0.000364156777137
1.509	0.692099726282 +/- 0.000334415140532
1.51	0.687946107222 +/- 0.000384391127319
1.511	0.682770477657 +/- 0.000383560332161
1.512	0.678416259691 +/- 0.000403826687557
1.513	0.674467531171 +/- 0.000398418906554
1.514	0.668082880423 +/- 0.000388595079131
1.515	0.663708223401 +/- 0.00037992971464
1.516	0.658335789993 +/- 0.000396738685722
1.517	0.654166428401 +/- 0.000434835298566
1.518	0.649525650866 +/- 0.000421673980029
1.519	0.643628425347 +/- 0.000421182692178
1.52	0.638244379285 +/- 0.000444143046919
1.521	0.633356917571 +/- 0.000422518622504
1.522	0.627915914803 +/- 0.000430000609303
1.523	0.621341371949 +/- 0.000478251201678
1.524	0.616764772598 +/- 0.000482482632199
1.525	0.610417585089 +/- 0.000472242874365
1.526	0.604227268177 +/- 0.000480118379292
1.527	0.599471397556 +/- 0.000534778595122
1.528	0.593385879368 +/- 0.000438333610822
1.529	0.587802905866 +/- 0.000519754287853
1.53	0.581734979473 +/- 0.000510641007684
1.531	0.576381761998 +/- 0.000524912192992
1.532	0.569606929248 +/- 0.000535996984452
1.533	0.563619034309 +/- 0.000564580669894
1.534	0.556999074778 +/- 0.000540389075422
1.535	0.551422134366 +/- 0.000557702010499
1.536	0.544039873655 +/- 0.000527801732039
1.537	0.538594534016 +/- 0.000551408400027
1.538	0.531532999604 +/- 0.000590125183742
1.539	0.526234227438 +/- 0.000580829263624
1.54	0.519683314913 +/- 0.000550482453671
1.541	0.513010599264 +/- 0.000571344274954
1.542	0.509129815983 +/- 0.000583989167461
1.543	0.502291753711 +/- 0.000618198528957
1.544	0.495546911629 +/- 0.000605636211353
1.545	0.488880312059 +/- 0.000608883101779
1.546	0.483455772032 +/- 0.000615491200073
1.547	0.478186452037 +/- 0.000588836432191
1.548	0.471673011603 +/- 0.000553775443816
1.549	0.465530099654 +/- 0.00062082788292
1.55	0.458548171453 +/- 0.000595721608826


# L = 16.0 
# X: T
# Y: |Magnetization|
1.45	0.839756164822 +/- 0.000170422405337
1.451	0.838765240575 +/- 0.000170004719597
1.452	0.837380685551 +/- 0.000186387579535
1.453	0.836004392907 +/- 0.000183539054497
1.454	0.835023336937 +/- 0.000184299948835
1.455	0.833819771542 +/- 0.000173068350759
1.456	0.832071582782 +/- 0.00016691002789
1.457	0.830712436163 +/- 0.000183146651713
1.458	0.829437311497 +/- 0.000197323606383
1.459	0.827586440984 +/- 0.000203005954273
1.46	0.826203343959 +/- 0.000214001069032
1.461	0.825015994258 +/- 0.000201437842329
1.462	0.823120453142 +/- 0.000202193723622
1.463	0.821920812718 +/- 0.000195486256764
1.464	0.82038875703 +/- 0.000203446896758
1.465	0.818863653747 +/- 0.00020810929993
1.466	0.817019139522 +/- 0.000211218476256
1.467	0.815796652966 +/- 0.000218529532298
1.468	0.814433259578 +/- 0.000236137093215
1.469	0.812103626333 +/- 0.000237233711373
1.47	0.810674144688 +/- 0.000236190898206
1.471	0.809432550492 +/- 0.000226837621825
1.472	0.807857299759 +/- 0.000227454375164
1.473	0.80581602123 +/- 0.000256336931605
1.474	0.804034032604 +/- 0.000254001846676
1.475	0.802572246225 +/- 0.000244573992199
1.476	0.800653774581 +/- 0.000233115553084
1.477	0.798862535319 +/- 0.000246578886894
1.478	0.797272342417 +/- 0.000268219375484
1.479	0.795026201704 +/- 0.000244473545209
1.48	0.793208500794 +/- 0.000259601062797
1.481	0.791294260644 +/- 0.000265038878755
1.482	0.789576136312 +/- 0.000265066324661
1.483	0.787546455845 +/- 0.000259098593674
1.484	0.785786960411 +/- 0.000284981699074
1.485	0.783664599843 +/- 0.000282504990809
1.486	0.78155000782 +/- 0.000292718989473
1.487	0.779529597073 +/- 0.000278237229118
1.488	0.777193890752 +/- 0.00030519822335
1.489	0.77531726671 +/- 0.000272588984484
1.49	0.773494328333 +/- 0.000285475622807
1.491	0.77132339318 +/- 0.000302652737673
1.492	0.76959184408 +/- 0.000318810541548
1.493	0.767082212 +/- 0.000278964697745
1.494	0.764618064576 +/- 0.000285767318704
1.495	0.762696438916 +/- 0.000307495818613
1.496	0.760349658217 +/- 0.000300424236095
1.497	0.757773148272 +/- 0.000334797200187
1.498	0.756148877522 +/- 0.000327089968809
1.499	0.75337886213 +/- 0.000302506273844
1.5	0.750933079246 +/- 0.000362671771243
1.501	0.749266810237 +/- 0.000329202037016
1.502	0.746844016882 +/- 0.00031928585332
1.503	0.744093682787 +/- 0.000349391508204
1.504	0.742125522995 +/- 0.000316098259109
1.505	0.739758555494 +/- 0.00034305331764
1.506	0.737040244111 +/- 0.000340287258066
1.507	0.734927518406 +/- 0.000332440205617
1.508	0.73203132256 +/- 0.000348246590856
1.509	0.729445184783 +/- 0.000358067663035
1.51	0.727464408518 +/- 0.000372144667142
1.511	0.724060619143 +/- 0.000366874631742
1.512	0.721833298463 +/- 0.000366098834847
1.513	0.71973907478 +/- 0.000343108030015
1.514	0.71692237063 +/- 0.000363019981252
1.515	0.714174140872 +/- 0.000369594568914
1.516	0.711068369585 +/- 0.00036634129942
1.517	0.708698736512 +/- 0.000394452446614
1.518	0.705819742942 +/- 0.000373788037776
1.519	0.702544916516 +/- 0.000379477269132
1.52	0.699945174078 +/- 0.000377608786335
1.521	0.696561603429 +/- 0.000421488103808
1.522	0.694819936424 +/- 0.000368249486664
1.523	0.691451684594 +/- 0.000421944118954
1.524	0.688727504077 +/- 0.000389768615412
1.525	0.685523038211 +/- 0.000397313857709
1.526	0.682628336239 +/- 0.000437855000642
1.527	0.679589071494 +/- 0.000373395802429
1.528	0.676919844626 +/- 0.000417104028156
1.529	0.674119437715 +/- 0.0003785095819
1.53	0.672034592521 +/- 0.000392109024276
1.531	0.6676812898 +/- 0.000403079727098
1.532	0.664910973297 +/- 0.000454842499031
1.533	0.66241385867 +/- 0.000421611049394
1.534	0.659278207327 +/- 0.000443341665425
1.535	0.65609272221 +/- 0.000394554856669
1.536	0.653114554626 +/- 0.000475191866899
1.537	0.649323659806 +/- 0.000419798479222
1.538	0.64639155652 +/- 0.000456870688696
1.539	0.643332692442 +/- 0.000425636684994
1.54	0.640718357607 +/- 0.000427104007557
1.541	0.637217328252 +/- 0.000432851447641
1.542	0.634575851104 +/- 0.000463279990108
1.543	0.630625365636 +/- 0.000400128283067
1.544	0.628275536473 +/- 0.000467999878317
1.545	0.624980271269 +/- 0.000525176784167
1.546	0.62243515026 +/- 0.000489486826434
1.547	0.617805114855 +/- 0.000516235004271
1.548	0.615865797614 +/- 0.000531215409928
1.549	0.611526258319 +/- 0.000514833463493
1.55	0.607500438018 +/- 0.000505658236177


# L = 8.0 
# X: T
# Y: |Magnetization|
1.45	0.849742107537 +/- 0.000246243476222
1.451	0.84854720126 +/- 0.000245982120683
1.452	0.847627610629 +/- 0.000243101524991
1.453	0.847031693063 +/- 0.000239035040489
1.454	0.845807424153 +/- 0.000259319879266
1.455	0.844290556276 +/- 0.000248164338542
1.456	0.84368351619 +/- 0.000256485396791
1.457	0.842480763367 +/- 0.000253033060511
1.458	0.841898565294 +/- 0.000246125424121
1.459	0.840538729801 +/- 0.000265035526392
1.46	0.839274335855 +/- 0.000281977146604
1.461	0.838612018789 +/- 0.000275199223757
1.462	0.83777085445 +/- 0.000270996352287
1.463	0.835765958177 +/- 0.000247636880968
1.464	0.835491811549 +/- 0.000257131650386
1.465	0.834136044477 +/- 0.000268436662347
1.466	0.83372770961 +/- 0.000258604548176
1.467	0.831985325273 +/- 0.00028123742732
1.468	0.830954923661 +/- 0.000236513879439
1.469	0.829979179689 +/- 0.000260741599569
1.47	0.829127452967 +/- 0.000290433281947
1.471	0.827777989707 +/- 0.000273730984128
1.472	0.826350444017 +/- 0.000299832474462
1.473	0.825109439508 +/- 0.000280311435321
1.474	0.824371377367 +/- 0.000276655359361
1.475	0.823317959856 +/- 0.000260343884393
1.476	0.822352267116 +/- 0.000291117787963
1.477	0.820856569649 +/- 0.000282968292592
1.478	0.820099459392 +/- 0.000311577538893
1.479	0.81853639652 +/- 0.00029375083456
1.48	0.817394037023 +/- 0.00029914326411
1.481	0.816409462442 +/- 0.000300576295457
1.482	0.814932052245 +/- 0.00029324014019
1.483	0.813680781304 +/- 0.000290797031278
1.484	0.812774080371 +/- 0.000282985857955
1.485	0.81180159427 +/- 0.000318309577789
1.486	0.809984779793 +/- 0.000319326209193
1.487	0.809119781903 +/- 0.000279030286613
1.488	0.807915791446 +/- 0.000297287742507
1.489	0.806576295667 +/- 0.000319662162743
1.49	0.805731904494 +/- 0.000340864223853
1.491	0.804971005539 +/- 0.000311705836763
1.492	0.802904939378 +/- 0.000349399067808
1.493	0.801586045939 +/- 0.000303048944221
1.494	0.80019155124 +/- 0.000308139859208
1.495	0.799754163582 +/- 0.000306043203553
1.496	0.798211398755 +/- 0.000342537125454
1.497	0.796931099928 +/- 0.000314315687738
1.498	0.795850792546 +/- 0.000297963973156
1.499	0.793649571714 +/- 0.000328339861326
1.5	0.792802622693 +/- 0.000285122057313
1.501	0.791851967719 +/- 0.000339045380412
1.502	0.79050551702 +/- 0.000320122276053
1.503	0.78887916251 +/- 0.000318945419889
1.504	0.787438075014 +/- 0.000343409428099
1.505	0.785803872121 +/- 0.00033719620353
1.506	0.784964840958 +/- 0.000322728442208
1.507	0.784240353147 +/- 0.000328336476972
1.508	0.782490870892 +/- 0.000344150023826
1.509	0.780476580371 +/- 0.000366007207588
1.51	0.778860935075 +/- 0.000362443743952
1.511	0.778389515547 +/- 0.000309140371281
1.512	0.776639128253 +/- 0.000380986497127
1.513	0.774684200731 +/- 0.000395691200534
1.514	0.774472403361 +/- 0.000352457148994
1.515	0.772592222758 +/- 0.000323886749636
1.516	0.770692521148 +/- 0.000394438842949
1.517	0.770199987828 +/- 0.000365235513449
1.518	0.768602026076 +/- 0.000316787864876
1.519	0.767392489585 +/- 0.000339961354211
1.52	0.765578872643 +/- 0.000346387708296
1.521	0.764739555715 +/- 0.000359956907008
1.522	0.762672952277 +/- 0.000402306453951
1.523	0.761364156572 +/- 0.000326005002305
1.524	0.760415740628 +/- 0.000331491872925
1.525	0.7582241553 +/- 0.000361793672236
1.526	0.756845774265 +/- 0.000347816269267
1.527	0.755684650604 +/- 0.000382522390768
1.528	0.753822123874 +/- 0.00036092819866
1.529	0.752356902236 +/- 0.000335319811455
1.53	0.750847677119 +/- 0.000406037052042
1.531	0.749713606067 +/- 0.000419563770913
1.532	0.748030958185 +/- 0.00034403069229
1.533	0.746537847707 +/- 0.000352495968144
1.534	0.745785209179 +/- 0.00039796747486
1.535	0.743045016071 +/- 0.000438751143847
1.536	0.742060649343 +/- 0.000393030517224
1.537	0.740358289493 +/- 0.00033906634713
1.538	0.738495301111 +/- 0.000378359068259
1.539	0.737559001494 +/- 0.000386650950654
1.54	0.736578279545 +/- 0.000375485301846
1.541	0.734977065173 +/- 0.000376946904797
1.542	0.733111635957 +/- 0.00039422021564
1.543	0.731682080992 +/- 0.000372694053807
1.544	0.72943796495 +/- 0.000369104646917
1.545	0.728049153461 +/- 0.000414880036767
1.546	0.726314413739 +/- 0.000389681288377
1.547	0.725227415494 +/- 0.000382550036063
1.548	0.723470650287 +/- 0.000432881807759
1.549	0.721347951354 +/- 0.000361967532068
1.55	0.720442867401 +/- 0.000373865237944


# L = 24.0 
# X: T
# Y: |Magnetization|
1.45	0.839289428851 +/- 0.000114359583635
1.451	0.838049067989 +/- 0.000127407841571
1.452	0.836684862203 +/- 0.000124193111513
1.453	0.835400261865 +/- 0.000111106983797
1.454	0.833868426532 +/- 0.000120865124319
1.455	0.832480991695 +/- 0.00012673520614
1.456	0.830767198552 +/- 0.000135806330542
1.457	0.829316239861 +/- 0.000129975424435
1.458	0.827871603513 +/- 0.000135712930587
1.459	0.826431317115 +/- 0.00013808858703
1.46	0.824814105696 +/- 0.000137549823338
1.461	0.823324899812 +/- 0.000151582290927
1.462	0.821545998527 +/- 0.00014144389034
1.463	0.820131589412 +/- 0.000144281537621
1.464	0.818313917566 +/- 0.000152521450031
1.465	0.816178521084 +/- 0.000158984273382
1.466	0.815143704309 +/- 0.000159661350124
1.467	0.813292619971 +/- 0.00015878548648
1.468	0.811186007232 +/- 0.000155312274727
1.469	0.809533430095 +/- 0.000189122846012
1.47	0.807980198703 +/- 0.000170530146893
1.471	0.805939441637 +/- 0.000161863202448
1.472	0.804092117198 +/- 0.000169837496678
1.473	0.80216334434 +/- 0.000195185806166
1.474	0.800081314143 +/- 0.000177111856032
1.475	0.798241494338 +/- 0.000200724471747
1.476	0.795983994908 +/- 0.00017409505538
1.477	0.793990981819 +/- 0.000176273806756
1.478	0.791990529849 +/- 0.000197722182364
1.479	0.789936666465 +/- 0.000209894098831
1.48	0.787894948201 +/- 0.000219254834979
1.481	0.785296980882 +/- 0.000211434061662
1.482	0.783097380359 +/- 0.000192354603958
1.483	0.780763098582 +/- 0.000209510212075
1.484	0.778399552418 +/- 0.000217486376434
1.485	0.775890278314 +/- 0.000240141993343
1.486	0.774172963165 +/- 0.000235146853791
1.487	0.771402076814 +/- 0.000237487830042
1.488	0.769006612928 +/- 0.000261706126188
1.489	0.766504169833 +/- 0.000254706211528
1.49	0.763743567065 +/- 0.000256096403664
1.491	0.760973221926 +/- 0.00027914959438
1.492	0.758493618933 +/- 0.000263357288338
1.493	0.755432680001 +/- 0.000285588514869
1.494	0.753024490044 +/- 0.000289786750515
1.495	0.750036008101 +/- 0.00029085598622
1.496	0.746800733837 +/- 0.000301518478104
1.497	0.744578028124 +/- 0.000289954031167
1.498	0.741861110233 +/- 0.000322820096003
1.499	0.738116835379 +/- 0.000301519834623
1.5	0.735216108018 +/- 0.000317796461096
1.501	0.731860153411 +/- 0.000313630808668
1.502	0.728913476199 +/- 0.000333639799064
1.503	0.725959824786 +/- 0.000321016025373
1.504	0.722720656274 +/- 0.000300533188221
1.505	0.720059468743 +/- 0.000348697977722
1.506	0.715742182122 +/- 0.000375188493761
1.507	0.71272813123 +/- 0.000381570137016
1.508	0.709699124633 +/- 0.000347486040593
1.509	0.705653049383 +/- 0.000368133674738
1.51	0.701939995306 +/- 0.000389204176483
1.511	0.698472504651 +/- 0.000379099802761
1.512	0.694678513748 +/- 0.000381266555607
1.513	0.691094258107 +/- 0.000392813488927
1.514	0.687463210168 +/- 0.000391008228016
1.515	0.683302948641 +/- 0.000407065980729
1.516	0.680092406002 +/- 0.000413238785046
1.517	0.676238213427 +/- 0.000392869186705
1.518	0.672091310871 +/- 0.000427111009113
1.519	0.667458202017 +/- 0.00040764341942
1.52	0.663064760379 +/- 0.000369382266361
1.521	0.659870514534 +/- 0.000463623328309
1.522	0.65482436221 +/- 0.000437521987647
1.523	0.650440235466 +/- 0.000475501622207
1.524	0.647155453679 +/- 0.00049134168909
1.525	0.642293926538 +/- 0.000473407760173
1.526	0.637864111537 +/- 0.000464818078006
1.527	0.634062784256 +/- 0.00049384932985
1.528	0.629845125375 +/- 0.000435285991869
1.529	0.625252807672 +/- 0.000496481485456
1.53	0.620750210306 +/- 0.00051412122332
1.531	0.616210002528 +/- 0.000444878738117
1.532	0.612157800754 +/- 0.000496537421896
1.533	0.606576269675 +/- 0.000500558243029
1.534	0.603159666105 +/- 0.00052095554637
1.535	0.597454987208 +/- 0.000488497579729
1.536	0.592302881282 +/- 0.000497866502499
1.537	0.589069691513 +/- 0.000485186200856
1.538	0.584183089723 +/- 0.000543177432539
1.539	0.578972668643 +/- 0.000482774091729
1.54	0.575563645167 +/- 0.000525520003483
1.541	0.569270177425 +/- 0.000488171242789
1.542	0.565488688926 +/- 0.000525978881234
1.543	0.561106389513 +/- 0.000501841211352
1.544	0.555435944436 +/- 0.000522975117509
1.545	0.550549101497 +/- 0.000551715551409
1.546	0.546681710892 +/- 0.000498052463789
1.547	0.541179806163 +/- 0.000561099263977
1.548	0.536924503049 +/- 0.000575573485924
1.549	0.531042750706 +/- 0.000562130499761
1.55	0.527113170727 +/- 0.000598554049066


# L = 40.0 
# X: T
# Y: |Magnetization|
1.45	0.839435940785 +/- 7.47530815139e-05
1.451	0.838111281119 +/- 7.53458595241e-05
1.452	0.83667257447 +/- 8.04120268557e-05
1.453	0.835314236648 +/- 7.7275495144e-05
1.454	0.833828644725 +/- 7.26246249103e-05
1.455	0.832334721241 +/- 8.07869803667e-05
1.456	0.830873351899 +/- 7.55112436974e-05
1.457	0.829258946381 +/- 8.3681991181e-05
1.458	0.827863873099 +/- 9.19476092632e-05
1.459	0.826177802942 +/- 8.54629134626e-05
1.46	0.824672902732 +/- 8.37954355593e-05
1.461	0.823053887429 +/- 8.46641610849e-05
1.462	0.821380142843 +/- 8.43819972272e-05
1.463	0.819998017595 +/- 9.60184106323e-05
1.464	0.818159410445 +/- 9.59958723113e-05
1.465	0.816219342047 +/- 9.52947195395e-05
1.466	0.814633946437 +/- 0.000103066497753
1.467	0.812678965328 +/- 0.000102356167981
1.468	0.811003766083 +/- 9.64735075347e-05
1.469	0.809151335932 +/- 0.000108067328362
1.47	0.807211620474 +/- 0.0001050777364
1.471	0.805237886762 +/- 0.000113046652088
1.472	0.803432634789 +/- 0.000113192999663
1.473	0.801100821752 +/- 0.000114366233068
1.474	0.799239655927 +/- 0.000120182323658
1.475	0.796994657499 +/- 0.000124177514173
1.476	0.79497108133 +/- 0.000127433758285
1.477	0.7928130989 +/- 0.000121463874245
1.478	0.790702357897 +/- 0.000124725368763
1.479	0.788256044089 +/- 0.000128034041511
1.48	0.785900570725 +/- 0.000144858260341
1.481	0.783791762751 +/- 0.000136285449257
1.482	0.781152446499 +/- 0.000147641572238
1.483	0.778536448539 +/- 0.000150645985235
1.484	0.775960077104 +/- 0.000148736133724
1.485	0.773347768419 +/- 0.000154350161737
1.486	0.770587225505 +/- 0.00016669566295
1.487	0.767627294363 +/- 0.000176884058078
1.488	0.765081378963 +/- 0.000184713503536
1.489	0.761768799073 +/- 0.000187136081392
1.49	0.758454402421 +/- 0.000175043522582
1.491	0.75596514179 +/- 0.000193445777605
1.492	0.752569860358 +/- 0.000194989510552
1.493	0.749385501209 +/- 0.000199179331414
1.494	0.74631820766 +/- 0.000215245816724
1.495	0.742777908778 +/- 0.000224601542888
1.496	0.739623108503 +/- 0.000194643054185
1.497	0.735927993684 +/- 0.000232692540871
1.498	0.732088287658 +/- 0.000231024650716
1.499	0.728601291516 +/- 0.000259253619085
1.5	0.724773256149 +/- 0.000260369447092
1.501	0.71998749281 +/- 0.000250279482085
1.502	0.716025259506 +/- 0.000257310256146
1.503	0.711619496852 +/- 0.000266709010515
1.504	0.706880000447 +/- 0.000277855201324
1.505	0.702223948397 +/- 0.000334706175141
1.506	0.698198112514 +/- 0.000312908153665
1.507	0.693673996547 +/- 0.000323187577183
1.508	0.68855260148 +/- 0.000328957402264
1.509	0.683299207091 +/- 0.000343428822615
1.51	0.677860917382 +/- 0.000335837295113
1.511	0.672286817694 +/- 0.000370091184825
1.512	0.666981280055 +/- 0.000380123889882
1.513	0.661415567177 +/- 0.000400000136784
1.514	0.656090273593 +/- 0.000376651156579
1.515	0.649670547472 +/- 0.000357335397249
1.516	0.644364413709 +/- 0.000414930794649
1.517	0.637302335663 +/- 0.000448865568405
1.518	0.632018379286 +/- 0.000428145123729
1.519	0.625651496471 +/- 0.000471687681086
1.52	0.619264528885 +/- 0.0004666698049
1.521	0.612532101069 +/- 0.000440007889211
1.522	0.604926581412 +/- 0.000464160701728
1.523	0.59890046332 +/- 0.00050876573742
1.524	0.591555752577 +/- 0.000519553736051
1.525	0.585067586007 +/- 0.000538754046054
1.526	0.578152552456 +/- 0.000529052356388
1.527	0.571180800048 +/- 0.000477553935671
1.528	0.562539940162 +/- 0.000564856574053
1.529	0.555725830136 +/- 0.000528150849874
1.53	0.548147805353 +/- 0.000563222000345
1.531	0.539456600034 +/- 0.000536608039398
1.532	0.532953846635 +/- 0.000566689517998
1.533	0.52586574911 +/- 0.000595479357681
1.534	0.518306655146 +/- 0.000559217311042
1.535	0.51002936897 +/- 0.000538073550922
1.536	0.503116739125 +/- 0.000608779868335
1.537	0.495036015326 +/- 0.000549594218133
1.538	0.489347265469 +/- 0.000589767283985
1.539	0.479319637058 +/- 0.000605759558588
1.54	0.473484450387 +/- 0.000597616580531
1.541	0.466485826154 +/- 0.000623403520664
1.542	0.458234215076 +/- 0.000597267405517
1.543	0.450329582575 +/- 0.000625936615702
1.544	0.443991937319 +/- 0.000614849773089
1.545	0.436658374567 +/- 0.000651865733134
1.546	0.429823965543 +/- 0.000621024406148
1.547	0.422559194314 +/- 0.000572388081998
1.548	0.416127707495 +/- 0.000594569778877
1.549	0.408699057943 +/- 0.000641973027909
1.55	0.401956483555 +/- 0.000597985457676


