# L = 8.0 
# X: T
# Y: Connected Susceptibility
1.45	1.83319255006 +/- 0.0287705495072
1.451	1.89713471087 +/- 0.024794190002
1.452	1.91510519811 +/- 0.0289974158733
1.453	1.89603282967 +/- 0.0237410895167
1.454	1.94886600001 +/- 0.0261935661805
1.455	1.97687424514 +/- 0.0229923145124
1.456	1.99920431186 +/- 0.0244792603305
1.457	1.97470677657 +/- 0.0217632167329
1.458	2.01441197792 +/- 0.0228565502461
1.459	2.02553759768 +/- 0.0267306695255
1.46	2.09356683052 +/- 0.0285203725315
1.461	2.06171350788 +/- 0.0252851044277
1.462	2.07996263523 +/- 0.0243511879716
1.463	2.16832629446 +/- 0.0245841838207
1.464	2.1191450112 +/- 0.0222974666037
1.465	2.21302195852 +/- 0.0253380138341
1.466	2.18977111134 +/- 0.0240283479267
1.467	2.20414763625 +/- 0.0208488506841
1.468	2.23407549099 +/- 0.0285400653593
1.469	2.27973480966 +/- 0.0242718454459
1.47	2.23577520626 +/- 0.0260050033537
1.471	2.29617748863 +/- 0.0279370646192
1.472	2.33409578773 +/- 0.0233394455594
1.473	2.30854510617 +/- 0.0260825390759
1.474	2.35348399806 +/- 0.0223713860983
1.475	2.32365998353 +/- 0.0270289338694
1.476	2.38585210959 +/- 0.0272423367074
1.477	2.40201633523 +/- 0.0225974875716
1.478	2.46679636444 +/- 0.0277215119941
1.479	2.48927144075 +/- 0.0284668773731
1.48	2.4364017366 +/- 0.0266400273789
1.481	2.48874606548 +/- 0.0253236006354
1.482	2.49585786959 +/- 0.0282506569477
1.483	2.61062826085 +/- 0.0284735742399
1.484	2.5810755552 +/- 0.0289849765271
1.485	2.56764044144 +/- 0.0252066831819
1.486	2.59378257667 +/- 0.0245029793903
1.487	2.60719191237 +/- 0.0228216425268
1.488	2.65141479863 +/- 0.0278409472047
1.489	2.67481992968 +/- 0.0278876333165
1.49	2.71423005131 +/- 0.0225588861043
1.491	2.70257429742 +/- 0.0248885155457
1.492	2.75238944713 +/- 0.0252582150821
1.493	2.77462965312 +/- 0.0292734172896
1.494	2.75342487497 +/- 0.0321288970275
1.495	2.75760388993 +/- 0.0274049361819
1.496	2.82480818906 +/- 0.0285602692936
1.497	2.81066195528 +/- 0.0281612476035
1.498	2.8590267921 +/- 0.0216768132209
1.499	2.85187614857 +/- 0.0262140924671
1.5	2.88953088049 +/- 0.0267179004141
1.501	2.9584601123 +/- 0.0251409376618
1.502	2.91922238297 +/- 0.0255877758919
1.503	2.94501803416 +/- 0.0210424070444
1.504	3.04632950978 +/- 0.026773052066
1.505	3.03716832831 +/- 0.026571226331
1.506	3.05849943252 +/- 0.0249744030821
1.507	3.07916757984 +/- 0.0252023703353
1.508	3.0802142527 +/- 0.0272993534962
1.509	3.15312529854 +/- 0.0279996307066
1.51	3.15336807195 +/- 0.0245589414254
1.511	3.13563930882 +/- 0.0242388354143
1.512	3.1727306778 +/- 0.0247072994011
1.513	3.27850377518 +/- 0.0278636863408
1.514	3.2406013413 +/- 0.025587032618
1.515	3.23702120215 +/- 0.0285158252379
1.516	3.27027186852 +/- 0.0326903306381
1.517	3.30618760825 +/- 0.027373612793
1.518	3.34233334343 +/- 0.0261444321801
1.519	3.33639419976 +/- 0.0269959068672
1.52	3.37852240511 +/- 0.0255244546554
1.521	3.38739115351 +/- 0.0276293341047
1.522	3.44173244672 +/- 0.0264489662473
1.523	3.42683282522 +/- 0.0264488599756
1.524	3.4815114253 +/- 0.0296593588023
1.525	3.50295097214 +/- 0.0267185020304
1.526	3.50637734714 +/- 0.0271860456739
1.527	3.5468120954 +/- 0.0282104852508
1.528	3.5216626483 +/- 0.0281045980296
1.529	3.58198790278 +/- 0.0263501672703
1.53	3.62669750851 +/- 0.0298202556258
1.531	3.61267724454 +/- 0.022985083716
1.532	3.64673852042 +/- 0.0258749903947
1.533	3.64973246496 +/- 0.0238003534539
1.534	3.67353272336 +/- 0.0250179667854
1.535	3.73529234141 +/- 0.0265626633459
1.536	3.742727749 +/- 0.0270698164529
1.537	3.77894541532 +/- 0.026086260215
1.538	3.75624184431 +/- 0.0283596260397
1.539	3.81815657966 +/- 0.0250229332088
1.54	3.828038176 +/- 0.0269470227093
1.541	3.88771516435 +/- 0.025361241259
1.542	3.84760530193 +/- 0.0256842555387
1.543	3.86541217216 +/- 0.0275587565814
1.544	3.95307628196 +/- 0.0280464266097
1.545	3.96785195878 +/- 0.0280328981037
1.546	4.00670816968 +/- 0.0285515864749
1.547	4.00864845048 +/- 0.0229083225523
1.548	3.98978673771 +/- 0.029858428501
1.549	4.00138660918 +/- 0.0274693667786
1.55	4.05774085632 +/- 0.0238053153415


# L = 16.0 
# X: T
# Y: Connected Susceptibility
1.45	3.37480119757 +/- 0.106419667169
1.451	3.52262325393 +/- 0.102286077844
1.452	3.49525264025 +/- 0.0962203620898
1.453	3.58427323721 +/- 0.108065682557
1.454	3.5922980587 +/- 0.101204128011
1.455	3.72202662458 +/- 0.0965900743406
1.456	3.56209412184 +/- 0.101723830642
1.457	3.83853271695 +/- 0.102176774786
1.458	3.75233648021 +/- 0.0955220899424
1.459	3.97946346022 +/- 0.10412196977
1.46	4.04387926357 +/- 0.110962592963
1.461	4.10405364038 +/- 0.109174363471
1.462	4.34158887182 +/- 0.103695277344
1.463	4.3212131086 +/- 0.107124218757
1.464	4.58256734126 +/- 0.10577168705
1.465	4.46173819744 +/- 0.10439721164
1.466	4.68351757907 +/- 0.0947465093081
1.467	4.61590457596 +/- 0.101559735657
1.468	4.82747031921 +/- 0.113439113146
1.469	5.06978253597 +/- 0.108366912377
1.47	4.99481368768 +/- 0.102105594823
1.471	5.09214693131 +/- 0.103723334171
1.472	5.16975249195 +/- 0.109873051487
1.473	5.29894181462 +/- 0.105196735519
1.474	5.4714570984 +/- 0.104993158804
1.475	5.37679875991 +/- 0.123548603587
1.476	5.62601307304 +/- 0.115743286039
1.477	5.52339772334 +/- 0.0978406580835
1.478	5.67772508619 +/- 0.106999434771
1.479	5.97210193162 +/- 0.121831883476
1.48	6.20762671016 +/- 0.107745362027
1.481	6.15008682404 +/- 0.111876766686
1.482	6.35275153582 +/- 0.115006123657
1.483	6.41715103287 +/- 0.117477938699
1.484	6.37451220289 +/- 0.12074936665
1.485	6.6200914047 +/- 0.104009813485
1.486	6.82879791026 +/- 0.102803083006
1.487	6.86570404415 +/- 0.102695243862
1.488	7.17301628085 +/- 0.101335659688
1.489	7.26772087275 +/- 0.120357119182
1.49	7.19795007503 +/- 0.123257542732
1.491	7.45874628909 +/- 0.0988934793033
1.492	7.66464308634 +/- 0.122035041567
1.493	7.75201424437 +/- 0.111304583542
1.494	7.94160794137 +/- 0.116711255966
1.495	7.99321216513 +/- 0.121123299865
1.496	8.18749386287 +/- 0.108315486434
1.497	8.41394499767 +/- 0.108907882635
1.498	8.45772089227 +/- 0.0978979931806
1.499	8.58205812293 +/- 0.119466109141
1.5	8.67084919752 +/- 0.108087585954
1.501	8.74587483923 +/- 0.096688220174
1.502	9.19168806141 +/- 0.135554114195
1.503	9.08610629998 +/- 0.109718087408
1.504	9.16694229493 +/- 0.117864782855
1.505	9.44488637287 +/- 0.128544742981
1.506	9.52465525479 +/- 0.0991989454713
1.507	9.69380424082 +/- 0.12960243327
1.508	10.0206042165 +/- 0.117573578652
1.509	10.0498854233 +/- 0.0947420058694
1.51	10.1547813045 +/- 0.11933388681
1.511	10.5256230229 +/- 0.11213933617
1.512	10.3774714917 +/- 0.125849231229
1.513	10.6302539177 +/- 0.104985153156
1.514	10.554408084 +/- 0.11111285997
1.515	10.7012256884 +/- 0.0991417750647
1.516	11.0721578405 +/- 0.10857048314
1.517	11.2190319001 +/- 0.120519108969
1.518	11.4509327695 +/- 0.113385305572
1.519	11.3990542993 +/- 0.116877218577
1.52	11.7167364126 +/- 0.115777569945
1.521	11.9974263352 +/- 0.11081953468
1.522	11.9633106585 +/- 0.11128299581
1.523	12.1744168458 +/- 0.105318468822
1.524	12.3452459434 +/- 0.106151431712
1.525	12.4738387871 +/- 0.1060178457
1.526	12.624668865 +/- 0.116141805036
1.527	12.7574743669 +/- 0.106927301499
1.528	13.0423699522 +/- 0.100196947165
1.529	13.1826638665 +/- 0.114459814392
1.53	13.1977757588 +/- 0.102826351744
1.531	13.4458285907 +/- 0.105542560769
1.532	13.5443784323 +/- 0.111049427067
1.533	13.6650375748 +/- 0.103293846001
1.534	14.055507579 +/- 0.104698960855
1.535	13.9859174904 +/- 0.114598489711
1.536	14.0495409274 +/- 0.0974859099066
1.537	14.3176117928 +/- 0.101296874036
1.538	14.4472520791 +/- 0.118801916344
1.539	14.5542313755 +/- 0.0976246741025
1.54	14.5828477796 +/- 0.117730817457
1.541	14.941032344 +/- 0.0985086795676
1.542	14.8979071586 +/- 0.0882770362082
1.543	15.1307975684 +/- 0.109806024163
1.544	15.1127923237 +/- 0.107557642273
1.545	15.2203702195 +/- 0.108223425693
1.546	15.3599768597 +/- 0.109240937703
1.547	15.7272582968 +/- 0.123091155998
1.548	15.4603732541 +/- 0.114008007148
1.549	15.756753916 +/- 0.106471255093
1.55	16.0289755747 +/- 0.104979727285


# L = 24.0 
# X: T
# Y: Connected Susceptibility
1.45	3.86912550958 +/- 0.251503513777
1.451	3.83345043597 +/- 0.217192496076
1.452	4.3245322733 +/- 0.224510849768
1.453	3.9645775804 +/- 0.250982545584
1.454	4.313355189 +/- 0.204119568
1.455	3.96218725877 +/- 0.213788040448
1.456	4.51464323248 +/- 0.228900218616
1.457	4.54695186358 +/- 0.234562491861
1.458	4.56487870798 +/- 0.228124828288
1.459	4.82672146764 +/- 0.223853902691
1.46	4.46531584143 +/- 0.254008386452
1.461	4.81074845318 +/- 0.210422184161
1.462	5.08635480019 +/- 0.230879885103
1.463	5.0606197989 +/- 0.209405333611
1.464	5.36064246851 +/- 0.293144855071
1.465	5.84846708594 +/- 0.219229875918
1.466	5.71524200239 +/- 0.249743558995
1.467	5.80879451688 +/- 0.237216725522
1.468	6.50158055129 +/- 0.227739334241
1.469	6.50088611501 +/- 0.297596943666
1.47	6.23006732072 +/- 0.235846433639
1.471	6.64010119602 +/- 0.257891839897
1.472	6.60560240527 +/- 0.248793842541
1.473	6.90538601943 +/- 0.244795896053
1.474	7.54981008798 +/- 0.207754748825
1.475	7.59836405468 +/- 0.212164459234
1.476	7.77511608055 +/- 0.238655578057
1.477	7.48802382331 +/- 0.248960951873
1.478	7.98615760903 +/- 0.209859353449
1.479	7.9922177624 +/- 0.230974584236
1.48	8.65989343922 +/- 0.281538331173
1.481	9.04503737088 +/- 0.25984766299
1.482	9.23332954886 +/- 0.225602492535
1.483	9.54062555455 +/- 0.257369416465
1.484	9.69412343824 +/- 0.244301313985
1.485	9.77080373633 +/- 0.236102147371
1.486	10.3827920496 +/- 0.267361272383
1.487	10.2090914838 +/- 0.259386199914
1.488	10.7967072669 +/- 0.27743785404
1.489	11.0964529026 +/- 0.257791135865
1.49	11.0940029223 +/- 0.278830067213
1.491	11.8035516651 +/- 0.262553856958
1.492	12.1686643886 +/- 0.269113776802
1.493	12.8174050694 +/- 0.275613510318
1.494	12.6489942928 +/- 0.253168107456
1.495	13.5177790714 +/- 0.241293324778
1.496	13.3065107357 +/- 0.240983152175
1.497	13.7384900321 +/- 0.280352056706
1.498	14.032904474 +/- 0.284801011228
1.499	14.6769865889 +/- 0.218546334174
1.5	15.2759714596 +/- 0.26723204798
1.501	15.6999373648 +/- 0.258168519321
1.502	16.1649178104 +/- 0.287197621938
1.503	16.6077064521 +/- 0.26013620645
1.504	16.7288507513 +/- 0.293260693915
1.505	16.9025640643 +/- 0.253753672332
1.506	17.9948087525 +/- 0.268927720884
1.507	18.0785994495 +/- 0.265739309824
1.508	18.4881211498 +/- 0.280307139914
1.509	18.7777830715 +/- 0.256695785008
1.51	19.3345669924 +/- 0.257309525556
1.511	19.6563912155 +/- 0.269328581729
1.512	20.3402143753 +/- 0.274033193739
1.513	20.9105143092 +/- 0.251098697124
1.514	20.8944006308 +/- 0.24995743549
1.515	21.9741274461 +/- 0.221260486607
1.516	22.5565071888 +/- 0.265758832046
1.517	22.7523017868 +/- 0.257464252304
1.518	23.261136743 +/- 0.262247185092
1.519	23.8510487769 +/- 0.240086259567
1.52	24.2890787922 +/- 0.251969610377
1.521	24.6063649731 +/- 0.247889813257
1.522	25.4747259796 +/- 0.246590255347
1.523	25.6335827996 +/- 0.291611840349
1.524	26.2429921478 +/- 0.285968298319
1.525	26.7386772282 +/- 0.265282412739
1.526	27.1480053849 +/- 0.282462317948
1.527	27.526205982 +/- 0.284710783938
1.528	28.0006666242 +/- 0.243271017543
1.529	28.0680377759 +/- 0.264198093638
1.53	28.8820382426 +/- 0.249859089611
1.531	29.0760832897 +/- 0.223994668955
1.532	29.9085771268 +/- 0.253228527208
1.533	30.2046683275 +/- 0.22973175817
1.534	30.5538981174 +/- 0.243750157755
1.535	30.9742409473 +/- 0.248406353369
1.536	31.4892898646 +/- 0.204406279944
1.537	31.3692015205 +/- 0.253339635732
1.538	32.0291860682 +/- 0.23770146321
1.539	32.383949919 +/- 0.227767822553
1.54	32.7313068127 +/- 0.227606444086
1.541	33.0656518931 +/- 0.204621007903
1.542	33.533915057 +/- 0.238930654186
1.543	33.292991153 +/- 0.202005146405
1.544	33.6551226644 +/- 0.22882957743
1.545	33.8641171867 +/- 0.245160707079
1.546	34.0031113902 +/- 0.244262061284
1.547	34.3137058692 +/- 0.224041466953
1.548	34.5710949764 +/- 0.234081090732
1.549	34.7234268181 +/- 0.236922305947
1.55	34.9247326955 +/- 0.217391962093


# L = 32.0 
# X: T
# Y: Connected Susceptibility
1.45	3.30219162653 +/- 0.441115299731
1.451	4.18132041878 +/- 0.431822861793
1.452	3.68414982694 +/- 0.412287176834
1.453	3.9318773656 +/- 0.472252840142
1.454	4.68965293381 +/- 0.416837041265
1.455	4.55447549387 +/- 0.496053153237
1.456	4.82623164207 +/- 0.461681734114
1.457	4.20957494563 +/- 0.457178035803
1.458	5.08038638027 +/- 0.34618643821
1.459	4.83354308164 +/- 0.430432984561
1.46	5.28657333128 +/- 0.448166308212
1.461	5.77508294624 +/- 0.461928496795
1.462	5.39158519582 +/- 0.458255697141
1.463	5.4306495326 +/- 0.412175020446
1.464	6.14706962027 +/- 0.391245960079
1.465	5.17055460446 +/- 0.453305045182
1.466	6.61274234716 +/- 0.392710188216
1.467	6.16151954827 +/- 0.414555866661
1.468	6.28147808801 +/- 0.453326876835
1.469	6.77755216897 +/- 0.437472604047
1.47	7.61299401122 +/- 0.433712630532
1.471	6.73335437764 +/- 0.409014694892
1.472	7.41526295987 +/- 0.391182221115
1.473	7.78943363538 +/- 0.429509668092
1.474	7.72092578064 +/- 0.430421812424
1.475	8.54870235193 +/- 0.391824010188
1.476	7.92721595757 +/- 0.480074019739
1.477	9.27697065036 +/- 0.47627610572
1.478	9.46154704215 +/- 0.473191613206
1.479	9.76591252196 +/- 0.444271276537
1.48	9.61201799199 +/- 0.444132832863
1.481	10.3087835359 +/- 0.394968695838
1.482	10.1989230727 +/- 0.447451713171
1.483	11.3547326097 +/- 0.426185448828
1.484	11.0242967925 +/- 0.393532215823
1.485	12.2537234531 +/- 0.447504233798
1.486	13.0767560678 +/- 0.43021877536
1.487	12.5427492119 +/- 0.444862420868
1.488	13.0473370413 +/- 0.449094990119
1.489	13.6851088968 +/- 0.402051234469
1.49	13.6552713236 +/- 0.447752059309
1.491	15.0929378927 +/- 0.431360470393
1.492	15.515427408 +/- 0.394412112906
1.493	16.1340872413 +/- 0.472547628945
1.494	16.4912787788 +/- 0.44855139646
1.495	18.0498423411 +/- 0.467194925071
1.496	17.9100008656 +/- 0.480697577299
1.497	19.2002624706 +/- 0.426553947605
1.498	19.8945521949 +/- 0.473174632491
1.499	19.8959603474 +/- 0.444338037523
1.5	21.7083423565 +/- 0.407409841856
1.501	22.5159107626 +/- 0.422093848495
1.502	23.2581130178 +/- 0.426061564438
1.503	24.3416655909 +/- 0.450200925778
1.504	25.3323628658 +/- 0.407901544079
1.505	24.8890343708 +/- 0.450517163759
1.506	26.4163337355 +/- 0.462228252985
1.507	27.432125514 +/- 0.47843206812
1.508	28.6218206591 +/- 0.46271657354
1.509	29.0716689397 +/- 0.408187070985
1.51	30.4868828022 +/- 0.533491987618
1.511	31.3872467263 +/- 0.438860564838
1.512	32.1524632319 +/- 0.451103930358
1.513	32.5132442224 +/- 0.460344870635
1.514	35.1507052628 +/- 0.438735865901
1.515	35.3787107309 +/- 0.473367614144
1.516	36.4255475468 +/- 0.416604341836
1.517	37.1714798404 +/- 0.484709280241
1.518	37.4914743084 +/- 0.526477203892
1.519	39.8022658211 +/- 0.465018997298
1.52	40.3118332556 +/- 0.468433363241
1.521	41.2885968358 +/- 0.439708622372
1.522	43.0737957398 +/- 0.422115481061
1.523	43.4022820988 +/- 0.434763479995
1.524	45.1539643104 +/- 0.447224927064
1.525	46.5328134086 +/- 0.440754557936
1.526	47.4435070139 +/- 0.417365549769
1.527	46.7236202282 +/- 0.424017720277
1.528	48.5452579982 +/- 0.424065337317
1.529	48.986865219 +/- 0.463073310399
1.53	50.1539771178 +/- 0.404659064289
1.531	50.7758234231 +/- 0.484817872726
1.532	51.94920968 +/- 0.432761590844
1.533	52.5850191496 +/- 0.42082754352
1.534	53.8224094438 +/- 0.393958311647
1.535	54.3737856128 +/- 0.370240268988
1.536	55.4629219194 +/- 0.4296727181
1.537	55.4168889678 +/- 0.405294353877
1.538	56.3017069509 +/- 0.4118398281
1.539	56.5278384884 +/- 0.404167137674
1.54	57.4715290687 +/- 0.394947796296
1.541	58.9051104885 +/- 0.377139067224
1.542	57.9906122982 +/- 0.355003405235
1.543	58.3854369984 +/- 0.364955316357
1.544	59.3890189982 +/- 0.367106719994
1.545	58.9441184165 +/- 0.343727347874
1.546	59.4474640499 +/- 0.373627077276
1.547	59.926475286 +/- 0.396636450822
1.548	59.9705383989 +/- 0.416629661255
1.549	59.6505316222 +/- 0.420216605573
1.55	60.0305499823 +/- 0.421226738449


# L = 40.0 
# X: T
# Y: Connected Susceptibility
1.45	4.17479268457 +/- 0.610166621315
1.451	4.18886969618 +/- 0.572942147817
1.452	3.80413525697 +/- 0.700270927366
1.453	3.53853233684 +/- 0.688669955498
1.454	3.41153191596 +/- 0.608014602816
1.455	3.92558297322 +/- 0.648906480447
1.456	5.3591451302 +/- 0.696534813481
1.457	3.71727959382 +/- 0.662909506204
1.458	4.54608221298 +/- 0.657022731144
1.459	5.33155865099 +/- 0.739687991466
1.46	6.7309295181 +/- 0.693421289375
1.461	4.86815366351 +/- 0.703780762856
1.462	5.87470202277 +/- 0.727855785301
1.463	6.02888186558 +/- 0.66962861156
1.464	6.2455338983 +/- 0.695350558355
1.465	6.46554965938 +/- 0.694022046939
1.466	6.30643914618 +/- 0.719579812627
1.467	7.2752124871 +/- 0.65113398816
1.468	6.98084089156 +/- 0.707770058253
1.469	7.27145584011 +/- 0.730100751958
1.47	8.94647110229 +/- 0.753617855325
1.471	7.30264277892 +/- 0.668411144659
1.472	6.91366826388 +/- 0.687906888846
1.473	8.53829877987 +/- 0.685965722057
1.474	8.45426490653 +/- 0.722835399619
1.475	8.53683743341 +/- 0.650556222074
1.476	8.49989195513 +/- 0.673010759038
1.477	9.84545235605 +/- 0.714128236697
1.478	9.36933586756 +/- 0.692837714408
1.479	8.88261199225 +/- 0.659064834202
1.48	11.1242875367 +/- 0.699673125302
1.481	12.063964863 +/- 0.626752507094
1.482	11.5225549218 +/- 0.635186146041
1.483	11.3078728653 +/- 0.618629004019
1.484	13.1664737505 +/- 0.646672535155
1.485	12.103991486 +/- 0.646874423445
1.486	13.8751052869 +/- 0.64082525612
1.487	15.8923638463 +/- 0.723324055752
1.488	14.7761542682 +/- 0.756027624867
1.489	15.513213104 +/- 0.725455543366
1.49	17.5371370543 +/- 0.713931616305
1.491	17.6662984827 +/- 0.66173641885
1.492	17.788418721 +/- 0.701570635564
1.493	19.0115907408 +/- 0.699771895796
1.494	19.8713842075 +/- 0.725139972544
1.495	20.1096513192 +/- 0.660639725847
1.496	20.3454303458 +/- 0.707270055967
1.497	22.8012929424 +/- 0.674193679599
1.498	23.0216701802 +/- 0.660578284939
1.499	25.10431954 +/- 0.700966103054
1.5	25.0602466618 +/- 0.731971408855
1.501	27.9545527609 +/- 0.703979191231
1.502	28.9898810284 +/- 0.705940351262
1.503	31.7177618922 +/- 0.672390325908
1.504	31.0119027384 +/- 0.619508554187
1.505	34.1848579377 +/- 0.740745095751
1.506	34.6579233271 +/- 0.680643454654
1.507	37.3159414353 +/- 0.708705731001
1.508	37.7861037326 +/- 0.640811850612
1.509	39.6793648577 +/- 0.717243414496
1.51	41.7355942645 +/- 0.780606341677
1.511	44.4540149045 +/- 0.640925708236
1.512	45.4258724246 +/- 0.663288114496
1.513	46.5930695807 +/- 0.754609355572
1.514	49.7516899733 +/- 0.652864325818
1.515	51.0396147891 +/- 0.642456364285
1.516	53.6725629837 +/- 0.673465803189
1.517	56.0833206333 +/- 0.681512798008
1.518	56.3254701161 +/- 0.681786012279
1.519	57.8628584478 +/- 0.780539728065
1.52	60.7398728385 +/- 0.718199983562
1.521	63.156848105 +/- 0.769411753041
1.522	64.9648412715 +/- 0.693238558363
1.523	64.7075869763 +/- 0.653392498307
1.524	68.6669543356 +/- 0.711453275375
1.525	70.4178034398 +/- 0.702501150734
1.526	70.9959341859 +/- 0.586574704308
1.527	73.0893267478 +/- 0.666755386111
1.528	75.4127927199 +/- 0.671950886009
1.529	76.6644299836 +/- 0.689732946022
1.53	78.5466597264 +/- 0.693923072896
1.531	80.4181305481 +/- 0.586697752541
1.532	80.5719174205 +/- 0.610077930783
1.533	82.5288929153 +/- 0.616198893327
1.534	82.7893006436 +/- 0.568889669602
1.535	84.2205478312 +/- 0.611596533467
1.536	85.4346925551 +/- 0.557936209172
1.537	85.8722457742 +/- 0.618386012045
1.538	85.5042605641 +/- 0.551731504886
1.539	87.3498150121 +/- 0.584363744341
1.54	88.1772104249 +/- 0.572505123026
1.541	87.0916589259 +/- 0.508648665532
1.542	88.5045110274 +/- 0.551477660459
1.543	88.6934416886 +/- 0.594371273239
1.544	88.9485815028 +/- 0.546137732064
1.545	88.256942506 +/- 0.565664948482
1.546	87.8721819479 +/- 0.51313936532
1.547	88.6732417882 +/- 0.511637198829
1.548	88.1401757021 +/- 0.455350976639
1.549	87.213364384 +/- 0.505896559831
1.55	87.1614971798 +/- 0.503385467669


