# steps = 41 
# L = 10.0 
# X: T
# Y: |Magnetization|
0.0	1.0 +/- 0.0
0.1	1.0 +/- 0.0
0.2	1.0 +/- 0.0
0.30000000000000004	1.0 +/- 0.0
0.4	0.999999983478 +/- 1.66371760667e-08
0.5	0.999999816853 +/- 5.35055739182e-08
0.6000000000000001	0.999996234775 +/- 2.786190146e-07
0.7000000000000001	0.999977490114 +/- 6.55725300113e-07
0.8	0.999908543984 +/- 1.29586217423e-06
0.9	0.999706844822 +/- 2.4403608509e-06
1.0	0.99926964267 +/- 3.80391108098e-06
1.1	0.998439809419 +/- 5.32112854293e-06
1.2000000000000002	0.997034969214 +/- 7.98987235824e-06
1.3	0.994783580102 +/- 1.20473461793e-05
1.4000000000000001	0.991399784518 +/- 1.66108112335e-05
1.5	0.986524258766 +/- 2.05337791547e-05
1.6	0.979613866157 +/- 3.28346430762e-05
1.7000000000000002	0.970056033121 +/- 3.97573467709e-05
1.8	0.956865924484 +/- 5.6793686077e-05
1.9000000000000001	0.938209553283 +/- 8.20428075731e-05
2.0	0.911176112557 +/- 0.000129379824499
2.1	0.870677334529 +/- 0.000186095744201
2.2	0.810338733537 +/- 0.000286934616745
2.3000000000000003	0.729657205805 +/- 0.000339926451632
2.4000000000000004	0.633615725377 +/- 0.000428448798198
2.5	0.538487036063 +/- 0.000419438400366
2.6	0.456170563582 +/- 0.000412649223259
2.7	0.392790429071 +/- 0.000371435783717
2.8000000000000003	0.343536071997 +/- 0.000356292720231
2.9000000000000004	0.306125762014 +/- 0.000296984967331
3.0	0.277788438178 +/- 0.000288473653217
3.1	0.254702623549 +/- 0.000263521672366
3.2	0.236640483873 +/- 0.000273897996962
3.3000000000000003	0.222321484191 +/- 0.000256152618888
3.4000000000000004	0.210162702943 +/- 0.000236950527517
3.5	0.199948593003 +/- 0.000248670971717
3.6	0.191414735655 +/- 0.000244750420507
3.7	0.183773895497 +/- 0.000231708514739
3.8000000000000003	0.177243821698 +/- 0.000257359775759
3.9000000000000004	0.171274232579 +/- 0.000245042748942
4.0	0.166155562139 +/- 0.000250816814594


# L = 8.0 
# X: T
# Y: |Magnetization|
0.0	1.0 +/- 0.0
0.1	1.0 +/- 0.0
0.2	1.0 +/- 0.0
0.30000000000000004	1.0 +/- 0.0
0.4	1.0 +/- 0.0
0.5	0.999999675732 +/- 7.57707215094e-08
0.6000000000000001	0.999996614034 +/- 2.51719951445e-07
0.7000000000000001	0.999977084037 +/- 7.15321228625e-07
0.8	0.999906860009 +/- 1.31169850745e-06
0.9	0.999712390248 +/- 2.40314764589e-06
1.0	0.999275550981 +/- 4.03621575306e-06
1.1	0.998441463552 +/- 6.16704785821e-06
1.2000000000000002	0.997032948629 +/- 8.54862490531e-06
1.3	0.994782252145 +/- 1.17151147439e-05
1.4000000000000001	0.991390267361 +/- 1.58310932451e-05
1.5	0.98647306469 +/- 2.11670007844e-05
1.6	0.979645055609 +/- 2.93779904769e-05
1.7000000000000002	0.97001258775 +/- 3.90398295495e-05
1.8	0.956787102364 +/- 6.32773550758e-05
1.9000000000000001	0.938057845403 +/- 8.84108771919e-05
2.0	0.911438363043 +/- 0.000119633049192
2.1	0.873513358395 +/- 0.0001836465711
2.2	0.821877717296 +/- 0.000252718058636
2.3000000000000003	0.755935826307 +/- 0.000303175358053
2.4000000000000004	0.68015108835 +/- 0.000340753177748
2.5	0.602925072669 +/- 0.000359581184381
2.6	0.532062720401 +/- 0.000364888167589
2.7	0.470655029112 +/- 0.000379640769452
2.8000000000000003	0.420636496412 +/- 0.000329473887982
2.9000000000000004	0.378975497888 +/- 0.00031433480979
3.0	0.34618487394 +/- 0.000287867108964
3.1	0.319665864769 +/- 0.000377277055603
3.2	0.297528421373 +/- 0.000356862817127
3.3000000000000003	0.279055308282 +/- 0.000372964954263
3.4000000000000004	0.26393012685 +/- 0.000301424275568
3.5	0.251624772309 +/- 0.000357109618036
3.6	0.24061289502 +/- 0.000316156698248
3.7	0.230880847374 +/- 0.000320549725123
3.8000000000000003	0.222458262037 +/- 0.000325690208006
3.9000000000000004	0.215523317266 +/- 0.000285621128896
4.0	0.208584837103 +/- 0.000277206595201


# L = 6.0 
# X: T
# Y: |Magnetization|
0.0	1.0 +/- 0.0
0.1	1.0 +/- 0.0
0.2	1.0 +/- 0.0
0.30000000000000004	1.0 +/- 0.0
0.4	1.0 +/- 0.0
0.5	0.999999668208 +/- 1.22792248176e-07
0.6000000000000001	0.999997005132 +/- 3.61994871461e-07
0.7000000000000001	0.999979755837 +/- 1.03235495375e-06
0.8	0.999907471124 +/- 2.13778252151e-06
0.9	0.999716231281 +/- 3.57481360767e-06
1.0	0.999278404753 +/- 6.33638119594e-06
1.1	0.998445498231 +/- 8.69329700658e-06
1.2000000000000002	0.997039382545 +/- 1.37831689324e-05
1.3	0.994755696977 +/- 1.83808834279e-05
1.4000000000000001	0.991387694302 +/- 2.55912609459e-05
1.5	0.98645003718 +/- 3.81574531043e-05
1.6	0.979571559617 +/- 4.78389247751e-05
1.7000000000000002	0.969841827303 +/- 7.09996902792e-05
1.8	0.956610624091 +/- 9.3019507765e-05
1.9000000000000001	0.938300372649 +/- 0.000132364752523
2.0	0.913075677327 +/- 0.000181117626683
2.1	0.88022212799 +/- 0.000228281698594
2.2	0.838678321992 +/- 0.000310966141152
2.3000000000000003	0.788456354911 +/- 0.000385055042425
2.4000000000000004	0.734670168764 +/- 0.000371870840639
2.5	0.677883444821 +/- 0.000434542162828
2.6	0.622595758581 +/- 0.000427662922849
2.7	0.570354497471 +/- 0.000451769321534
2.8000000000000003	0.524885785887 +/- 0.000387619412754
2.9000000000000004	0.483349498027 +/- 0.000406881181273
3.0	0.449062164506 +/- 0.000373199134556
3.1	0.418520187581 +/- 0.000355858698617
3.2	0.393277670653 +/- 0.000359130191257
3.3000000000000003	0.371219836241 +/- 0.000379817806216
3.4000000000000004	0.352720054803 +/- 0.000318302814767
3.5	0.336847037869 +/- 0.000345220804189
3.6	0.32194381394 +/- 0.000296076633976
3.7	0.309034275776 +/- 0.000271190791437
3.8000000000000003	0.298333026788 +/- 0.000279279350935
3.9000000000000004	0.288578973549 +/- 0.000281295125644
4.0	0.279339747575 +/- 0.000281143240248


# L = 4.0 
# X: T
# Y: |Magnetization|
0.0	1.0 +/- 0.0
0.1	1.0 +/- 0.0
0.2	1.0 +/- 0.0
0.30000000000000004	1.0 +/- 0.0
0.4	1.0 +/- 0.0
0.5	0.999999845969 +/- 1.08707872489e-07
0.6000000000000001	0.999996908619 +/- 4.9037386315e-07
0.7000000000000001	0.99997660896 +/- 1.54660434842e-06
0.8	0.999905603037 +/- 3.05177426837e-06
0.9	0.999710459442 +/- 4.44957889412e-06
1.0	0.999258274468 +/- 8.20144576019e-06
1.1	0.998434310097 +/- 1.27372732328e-05
1.2000000000000002	0.997017735935 +/- 1.77934203898e-05
1.3	0.994717639271 +/- 2.22305696565e-05
1.4000000000000001	0.991185560742 +/- 3.360074219e-05
1.5	0.986141144772 +/- 4.93489062114e-05
1.6	0.979123230251 +/- 6.38328758597e-05
1.7000000000000002	0.969226777951 +/- 8.2969772598e-05
1.8	0.956232768265 +/- 0.000100814964914
1.9000000000000001	0.939498459726 +/- 0.000140875806285
2.0	0.91877521522 +/- 0.000163097687866
2.1	0.893943326578 +/- 0.00019641922352
2.2	0.865410921445 +/- 0.000223025534598
2.3000000000000003	0.83385471321 +/- 0.000244513575169
2.4000000000000004	0.799603754478 +/- 0.000275576747244
2.5	0.764665669077 +/- 0.000314764057389
2.6	0.729701075848 +/- 0.000304274830896
2.7	0.695360955696 +/- 0.000320801231381
2.8000000000000003	0.66161016088 +/- 0.000347747803322
2.9000000000000004	0.630687620777 +/- 0.000340160555989
3.0	0.600664565426 +/- 0.000344763210352
3.1	0.574282207553 +/- 0.000308109289081
3.2	0.549806770702 +/- 0.000322509684024
3.3000000000000003	0.527149370925 +/- 0.000338284429879
3.4000000000000004	0.506970216005 +/- 0.000321045176849
3.5	0.488012953473 +/- 0.000310640205768
3.6	0.471691248186 +/- 0.000278413956932
3.7	0.456455976426 +/- 0.000262454544141
3.8000000000000003	0.442531329659 +/- 0.000287101878687
3.9000000000000004	0.430028198547 +/- 0.00026216931915
4.0	0.41783357785 +/- 0.000275057043853


# L = 10.0 
# X: T
# Y: Connected Susceptibility
0.0	nan +/- nan
0.1	0.0 +/- 0.0
0.2	0.0 +/- 0.0
0.30000000000000004	0.0 +/- 0.0
0.4	4.18049017473e-06 +/- 4.18049006371e-06
0.5	3.67883067327e-05 +/- 1.02930238584e-05
0.6000000000000001	0.000488844041338 +/- 0.000148821965204
0.7000000000000001	0.000329050780777 +/- 0.000576895443912
0.8	-0.000100649953264 +/- 0.00115880024297
0.9	-0.00130855734755 +/- 0.00197012343458
1.0	-0.00218266577471 +/- 0.00226547942315
1.1	0.00249577994387 +/- 0.00372358437701
1.2000000000000002	0.00535112671286 +/- 0.00392909026481
1.3	0.0182067154206 +/- 0.00464462126579
1.4000000000000001	0.00724107417674 +/- 0.00654016861486
1.5	0.0231633455881 +/- 0.00742411555943
1.6	0.0628782596699 +/- 0.00762578441145
1.7000000000000002	0.0722501373189 +/- 0.00980491315027
1.8	0.128595604893 +/- 0.00938613007425
1.9000000000000001	0.199479918195 +/- 0.0109035084313
2.0	0.383406785746 +/- 0.0113429700829
2.1	0.706967390552 +/- 0.0130233030264
2.2	1.28822898704 +/- 0.0145124698174
2.3000000000000003	1.98972720451 +/- 0.011965832238
2.4000000000000004	2.5061343828 +/- 0.0118639138979
2.5	2.61804892416 +/- 0.0103258236069
2.6	2.41985156046 +/- 0.00746012398467
2.7	2.06411707569 +/- 0.00733643679922
2.8000000000000003	1.74121366595 +/- 0.00603723922512
2.9000000000000004	1.44746778094 +/- 0.00408319203491
3.0	1.20570159226 +/- 0.00426068045935
3.1	1.03290755478 +/- 0.00374513767063
3.2	0.886217070149 +/- 0.00394365042504
3.3000000000000003	0.772170675262 +/- 0.00300971736879
3.4000000000000004	0.679984567249 +/- 0.00260745565038
3.5	0.606325946308 +/- 0.00244901237184
3.6	0.542744055184 +/- 0.00228192084457
3.7	0.488191258714 +/- 0.00186021719027
3.8000000000000003	0.447447855383 +/- 0.00209920185481
3.9000000000000004	0.409608274364 +/- 0.00207928587824
4.0	0.378327210402 +/- 0.00194349885988


# L = 8.0 
# X: T
# Y: Connected Susceptibility
0.0	nan +/- nan
0.1	0.0 +/- 0.0
0.2	0.0 +/- 0.0
0.30000000000000004	0.0 +/- 0.0
0.4	0.0 +/- 0.0
0.5	4.19231253652e-05 +/- 9.93946650057e-06
0.6000000000000001	0.000104806636492 +/- 0.000152466949372
0.7000000000000001	-9.96974133072e-05 +/- 0.00035981534632
0.8	-0.000899092968893 +/- 0.000620065100098
0.9	0.000296143498397 +/- 0.000913313052053
1.0	0.00268756954161 +/- 0.0012949422942
1.1	0.00174290165432 +/- 0.00198966263727
1.2000000000000002	0.0048982706348 +/- 0.00231825442876
1.3	0.0119965368391 +/- 0.00291024268172
1.4000000000000001	0.0153760453354 +/- 0.0030834909772
1.5	0.0282040137572 +/- 0.00350098761979
1.6	0.0450079497867 +/- 0.00440092135894
1.7000000000000002	0.0580866238017 +/- 0.00535283524442
1.8	0.115920525527 +/- 0.0057720307945
1.9000000000000001	0.194219568851 +/- 0.00639751017329
2.0	0.352985300493 +/- 0.00545401269042
2.1	0.593940720682 +/- 0.00750539837748
2.2	0.934197870277 +/- 0.00800168570729
2.3000000000000003	1.31250790354 +/- 0.00702685396852
2.4000000000000004	1.61027902876 +/- 0.00576118447956
2.5	1.74554784714 +/- 0.00570784016475
2.6	1.72463736278 +/- 0.00532205040518
2.7	1.59281333916 +/- 0.00459583262226
2.8000000000000003	1.41082364416 +/- 0.00411789474705
2.9000000000000004	1.23816912598 +/- 0.00375546755887
3.0	1.0780482512 +/- 0.00297437722874
3.1	0.936043139894 +/- 0.00365851120022
3.2	0.828198640078 +/- 0.00338412607175
3.3000000000000003	0.731819975554 +/- 0.00318189222709
3.4000000000000004	0.650310342276 +/- 0.00297904745738
3.5	0.578118251855 +/- 0.00274954517312
3.6	0.525511253478 +/- 0.00217131100205
3.7	0.478152016947 +/- 0.00243103710707
3.8000000000000003	0.437183235117 +/- 0.00237660823464
3.9000000000000004	0.400029954766 +/- 0.00194845216534
4.0	0.371648966468 +/- 0.00206761812149


# L = 6.0 
# X: T
# Y: Connected Susceptibility
0.0	nan +/- nan
0.1	0.0 +/- 0.0
0.2	0.0 +/- 0.0
0.30000000000000004	0.0 +/- 0.0
0.4	0.0 +/- 0.0
0.5	2.4070195375e-05 +/- 8.69904177763e-06
0.6000000000000001	8.30989728158e-05 +/- 6.9450890654e-05
0.7000000000000001	0.000122786127493 +/- 0.000222665092456
0.8	0.000195800618864 +/- 0.000359380124575
0.9	0.000903588747702 +/- 0.000488100489753
1.0	0.00279243630311 +/- 0.000811913861997
1.1	0.00249931239858 +/- 0.00105279607034
1.2000000000000002	0.00546867431542 +/- 0.00158138813756
1.3	0.0109760244642 +/- 0.00161478461047
1.4000000000000001	0.013224413576 +/- 0.00197237719616
1.5	0.0270028778909 +/- 0.00221992191912
1.6	0.041082548263 +/- 0.00275755192575
1.7000000000000002	0.0710042413375 +/- 0.00346379882696
1.8	0.108155441337 +/- 0.00337975817334
1.9000000000000001	0.183881913206 +/- 0.00390409189697
2.0	0.291474551855 +/- 0.00386014543104
2.1	0.429077981024 +/- 0.00386953266353
2.2	0.605011916382 +/- 0.00564476167229
2.3000000000000003	0.77309495426 +/- 0.00409910384122
2.4000000000000004	0.906036562833 +/- 0.00413999331112
2.5	0.997319682604 +/- 0.00430834512276
2.6	1.04257519033 +/- 0.0037559243794
2.7	1.02470525015 +/- 0.00367316520553
2.8000000000000003	0.978338305976 +/- 0.00295332960578
2.9000000000000004	0.910428269943 +/- 0.00249863248403
3.0	0.838338078524 +/- 0.00264226290798
3.1	0.768138241672 +/- 0.00237229021635
3.2	0.693448905494 +/- 0.00216987560964
3.3000000000000003	0.634718401511 +/- 0.00219341669962
3.4000000000000004	0.573539751588 +/- 0.0018782240726
3.5	0.5241612555 +/- 0.00170015913926
3.6	0.481070134104 +/- 0.00146277331331
3.7	0.444006619117 +/- 0.00133981285713
3.8000000000000003	0.409756720502 +/- 0.00127151622064
3.9000000000000004	0.380873594465 +/- 0.00123608329163
4.0	0.355633874052 +/- 0.00141781301261


# L = 4.0 
# X: T
# Y: Connected Susceptibility
0.0	nan +/- nan
0.1	0.0 +/- 0.0
0.2	0.0 +/- 0.0
0.30000000000000004	0.0 +/- 0.0
0.4	0.0 +/- 0.0
0.5	4.93213313333e-06 +/- 3.46970525614e-06
0.6000000000000001	-3.32166641801e-05 +/- 3.70580322111e-05
0.7000000000000001	5.38097384775e-06 +/- 8.17201468927e-05
0.8	0.000234446285782 +/- 0.000132515898399
0.9	0.000585785140189 +/- 0.000203507496319
1.0	0.00206382665838 +/- 0.000309718968306
1.1	0.0028195085675 +/- 0.000361866025663
1.2000000000000002	0.00578786438066 +/- 0.000460220036819
1.3	0.00940511117682 +/- 0.000651253813154
1.4000000000000001	0.0182897531539 +/- 0.000776872784955
1.5	0.0298848317377 +/- 0.000830201700198
1.6	0.0436059770538 +/- 0.00102279124502
1.7000000000000002	0.071482344045 +/- 0.00106029880751
1.8	0.101176127487 +/- 0.00113532404919
1.9000000000000001	0.145487723927 +/- 0.00146097138803
2.0	0.196841415743 +/- 0.0014868057249
2.1	0.252292576722 +/- 0.00146111927934
2.2	0.308807977355 +/- 0.00150966410489
2.3000000000000003	0.363227539058 +/- 0.0017338523149
2.4000000000000004	0.41163492115 +/- 0.00171875093404
2.5	0.449368320046 +/- 0.0014252098531
2.6	0.475988585743 +/- 0.0014710070174
2.7	0.486542478193 +/- 0.00138404907068
2.8000000000000003	0.493408712341 +/- 0.00130552264609
2.9000000000000004	0.485731939325 +/- 0.00131906401556
3.0	0.479457316401 +/- 0.00115652907103
3.1	0.462684113358 +/- 0.00128454814496
3.2	0.443937389095 +/- 0.000952932426554
3.3000000000000003	0.424850846539 +/- 0.000987944789013
3.4000000000000004	0.403357417466 +/- 0.000882620570862
3.5	0.38339522297 +/- 0.000934026839749
3.6	0.362867255196 +/- 0.000934875814519
3.7	0.343175469687 +/- 0.000890612264484
3.8000000000000003	0.32629223204 +/- 0.000828166569553
3.9000000000000004	0.31022841662 +/- 0.000749965864329
4.0	0.293455362008 +/- 0.000683758293012


# L = 10.0 
# X: T
# Y: Specific Heat
0.0	nan +/- nan
0.1	0.0 +/- 0.0
0.2	0.0 +/- 0.0
0.30000000000000004	-4.78099241878e-12 +/- 1.52847148187e-10
0.4	3.34439923728e-06 +/- 3.34438923284e-06
0.5	2.3544325069e-05 +/- 6.58741970381e-06
0.6000000000000001	0.000334500453941 +/- 2.45321147559e-05
0.7000000000000001	0.00147063386704 +/- 4.61251914434e-05
0.8	0.0045879535045 +/- 7.41368964696e-05
0.9	0.0116123632412 +/- 9.24390570982e-05
1.0	0.0236403149994 +/- 0.000114274042588
1.1	0.0417742598677 +/- 0.000172007468744
1.2000000000000002	0.0670463162518 +/- 0.000202885838894
1.3	0.100881907574 +/- 0.000257942086703
1.4000000000000001	0.143657235473 +/- 0.000393428254111
1.5	0.196664115062 +/- 0.00042651809889
1.6	0.262074825048 +/- 0.000636779090289
1.7000000000000002	0.341568924915 +/- 0.000654369489406
1.8	0.438515902165 +/- 0.000989073721061
1.9000000000000001	0.56244046599 +/- 0.00123645418134
2.0	0.72473692486 +/- 0.00171007124666
2.1	0.925622806185 +/- 0.00213251270267
2.2	1.14872753509 +/- 0.00246837948483
2.3000000000000003	1.2896804972 +/- 0.00284919017555
2.4000000000000004	1.27991092655 +/- 0.00228102656175
2.5	1.13458189385 +/- 0.00211501226766
2.6	0.934037912827 +/- 0.00182518155326
2.7	0.753382922058 +/- 0.00180287221461
2.8000000000000003	0.616528873877 +/- 0.00152716914098
2.9000000000000004	0.512389961214 +/- 0.00113702672261
3.0	0.438547033017 +/- 0.00119877316631
3.1	0.383835489056 +/- 0.00104042796876
3.2	0.339780819572 +/- 0.00103238163282
3.3000000000000003	0.304750101392 +/- 0.000710235170708
3.4000000000000004	0.276029905268 +/- 0.000853038931962
3.5	0.251142928203 +/- 0.000794968406454
3.6	0.232112686842 +/- 0.000793216027693
3.7	0.211094522452 +/- 0.000695246050618
3.8000000000000003	0.197734720175 +/- 0.000625094574402
3.9000000000000004	0.184132594402 +/- 0.00067330045119
4.0	0.170553814936 +/- 0.000603635947548


# L = 8.0 
# X: T
# Y: Specific Heat
0.0	nan +/- nan
0.1	0.0 +/- 0.0
0.2	0.0 +/- 0.0
0.30000000000000004	-6.3723943996e-11 +/- 3.65203758129e-11
0.4	0.0 +/- 0.0
0.5	4.19227115785e-05 +/- 9.93926991428e-06
0.6000000000000001	0.000299663396865 +/- 2.06260507599e-05
0.7000000000000001	0.00150254582335 +/- 4.63415870037e-05
0.8	0.00466225164006 +/- 6.53108723067e-05
0.9	0.0114300874998 +/- 9.67944958462e-05
1.0	0.0233794099443 +/- 0.000122306716216
1.1	0.0416917316416 +/- 0.000164961724237
1.2000000000000002	0.066989523354 +/- 0.000220780388939
1.3	0.100921143061 +/- 0.000257920711727
1.4000000000000001	0.144198794168 +/- 0.000285866929063
1.5	0.197649053251 +/- 0.000404542458076
1.6	0.262145924691 +/- 0.000510419312901
1.7000000000000002	0.342458224933 +/- 0.000635310764677
1.8	0.439263311205 +/- 0.000876538344374
1.9000000000000001	0.563516354889 +/- 0.00117303619908
2.0	0.714605057545 +/- 0.00153722236905
2.1	0.890431337685 +/- 0.00171885612577
2.2	1.05816948227 +/- 0.00198280345646
2.3000000000000003	1.16812503725 +/- 0.0020082942755
2.4000000000000004	1.18404530665 +/- 0.00171698039983
2.5	1.10164548126 +/- 0.00177848013834
2.6	0.96102365365 +/- 0.00143838110736
2.7	0.810891909201 +/- 0.00118917595154
2.8000000000000003	0.680027243078 +/- 0.00114444589012
2.9000000000000004	0.569248016358 +/- 0.000990059138559
3.0	0.484751589953 +/- 0.000939153065237
3.1	0.41722953643 +/- 0.00113812416835
3.2	0.366359505522 +/- 0.00110104858448
3.3000000000000003	0.322808901772 +/- 0.000997781016995
3.4000000000000004	0.289980782182 +/- 0.000787164514909
3.5	0.26245168297 +/- 0.000840117308205
3.6	0.23909311318 +/- 0.000643738371824
3.7	0.220034853993 +/- 0.000656258331553
3.8000000000000003	0.202309620731 +/- 0.000539792109992
3.9000000000000004	0.187732826605 +/- 0.000717087623027
4.0	0.175448767502 +/- 0.0006640722401


# L = 6.0 
# X: T
# Y: Specific Heat
0.0	nan +/- nan
0.1	0.0 +/- 0.0
0.2	0.0 +/- 0.0
0.30000000000000004	2.27373675443e-13 +/- 0.0
0.4	0.0 +/- 0.0
0.5	4.27912607505e-05 +/- 1.54647975986e-05
0.6000000000000001	0.000267432432337 +/- 3.28638674297e-05
0.7000000000000001	0.00132428057678 +/- 7.07227301895e-05
0.8	0.00462999795746 +/- 0.000102884845445
0.9	0.0112550098236 +/- 0.000145119368337
1.0	0.0232908442525 +/- 0.000200861488127
1.1	0.0416065952362 +/- 0.000262743216781
1.2000000000000002	0.0668162270009 +/- 0.000314547707984
1.3	0.1014465185 +/- 0.000376466290622
1.4000000000000001	0.144133163117 +/- 0.000544466523231
1.5	0.197453608566 +/- 0.000692354785029
1.6	0.262951810412 +/- 0.000723781374923
1.7000000000000002	0.345238341729 +/- 0.000991593377504
1.8	0.439548415492 +/- 0.00112796485648
1.9000000000000001	0.553684428621 +/- 0.00157950378519
2.0	0.685634807825 +/- 0.00183019731909
2.1	0.818582124298 +/- 0.00183022389929
2.2	0.937608091691 +/- 0.00226662989154
2.3000000000000003	1.01858252977 +/- 0.00203113325495
2.4000000000000004	1.03507625266 +/- 0.00209666279897
2.5	1.00615090711 +/- 0.00130669137424
2.6	0.931122226444 +/- 0.00129204185179
2.7	0.838009726055 +/- 0.00116975981211
2.8000000000000003	0.73718337006 +/- 0.0012950147211
2.9000000000000004	0.640771906154 +/- 0.00110099778851
3.0	0.557977242476 +/- 0.000983212387678
3.1	0.485245043151 +/- 0.000986643270122
3.2	0.422273415182 +/- 0.000778541233037
3.3000000000000003	0.372647433142 +/- 0.000696697627127
3.4000000000000004	0.330603511144 +/- 0.000616432996544
3.5	0.297595304855 +/- 0.000762684247434
3.6	0.266740191687 +/- 0.000604311043548
3.7	0.241397644058 +/- 0.000499695757384
3.8000000000000003	0.221105742542 +/- 0.000456492739698
3.9000000000000004	0.202212802506 +/- 0.000465762513802
4.0	0.186291329792 +/- 0.000414521222332


# L = 4.0 
# X: T
# Y: Specific Heat
0.0	nan +/- nan
0.1	0.0 +/- 0.0
0.2	0.0 +/- 0.0
0.30000000000000004	-3.48731503831e-11 +/- 8.43318702791e-12
0.4	0.0 +/- 0.0
0.5	1.97285261992e-05 +/- 1.38787982237e-05
0.6000000000000001	0.000276796678286 +/- 4.15422367838e-05
0.7000000000000001	0.00152784435596 +/- 0.000106302266991
0.8	0.0047310095227 +/- 0.000163611862059
0.9	0.0115332309219 +/- 0.000179882207233
1.0	0.023925795888 +/- 0.000263699691508
1.1	0.0419119489901 +/- 0.000309408397282
1.2000000000000002	0.0673770142444 +/- 0.000392770566408
1.3	0.101687261777 +/- 0.000460743783898
1.4000000000000001	0.146672697435 +/- 0.000531497142064
1.5	0.200835186665 +/- 0.000779697446743
1.6	0.264712150283 +/- 0.000936100198564
1.7000000000000002	0.343364213986 +/- 0.000985653861594
1.8	0.427838504193 +/- 0.00109483906956
1.9000000000000001	0.519040654528 +/- 0.00136854570751
2.0	0.606871406068 +/- 0.0012654775723
2.1	0.686768617962 +/- 0.00120302506342
2.2	0.751465547339 +/- 0.00127612314303
2.3000000000000003	0.794320071174 +/- 0.00122511041509
2.4000000000000004	0.814678993226 +/- 0.00105730635313
2.5	0.812725593309 +/- 0.00095908551521
2.6	0.79148560493 +/- 0.000884442236595
2.7	0.752457233163 +/- 0.000770185331473
2.8000000000000003	0.708323211296 +/- 0.000618541519974
2.9000000000000004	0.657138565789 +/- 0.000648326386084
3.0	0.602922046222 +/- 0.000549660457517
3.1	0.550608483633 +/- 0.000573753154124
3.2	0.50211609109 +/- 0.000537088733692
3.3000000000000003	0.455331762989 +/- 0.000515879786965
3.4000000000000004	0.414150571265 +/- 0.000538505985298
3.5	0.375547918269 +/- 0.000437875711807
3.6	0.341493959344 +/- 0.000469564636217
3.7	0.311972887698 +/- 0.00039166348674
3.8000000000000003	0.28512135772 +/- 0.000364452053038
3.9000000000000004	0.260729169902 +/- 0.000386196561792
4.0	0.239728837172 +/- 0.000324805288794


# L = 10.0 
# X: T
# Y: Binder Cumulant
0.0	1.0 +/- 0.0
0.1	1.0 +/- 0.0
0.2	1.0 +/- 0.0
0.30000000000000004	1.0 +/- 0.0
0.4	0.999999968536 +/- 3.14639088482e-08
0.5	0.999999653897 +/- 9.68364774727e-08
0.6000000000000001	0.999994579439 +/- 1.77396523037e-06
0.7000000000000001	0.999998076939 +/- 8.06188153181e-06
0.8	1.00001271066 +/- 1.8534109325e-05
0.9	1.00005990657 +/- 3.54631700735e-05
1.0	1.00013758509 +/- 4.54066998325e-05
1.1	1.0001537624 +/- 8.20992560648e-05
1.2000000000000002	1.00028765171 +/- 9.45359454311e-05
1.3	1.00030605542 +/- 0.000122942056175
1.4000000000000001	1.00119187794 +/- 0.00018542872194
1.5	1.00169652319 +/- 0.000229662709662
1.6	1.00203066429 +/- 0.000254709813239
1.7000000000000002	1.00449247481 +/- 0.000352970178673
1.8	1.00738027505 +/- 0.000367699251321
1.9000000000000001	1.01427318672 +/- 0.000475560819828
2.0	1.02673182876 +/- 0.000528774007508
2.1	1.05395666939 +/- 0.000780792166081
2.2	1.10653162963 +/- 0.00087838649772
2.3000000000000003	1.19633123124 +/- 0.00102927136071
2.4000000000000004	1.33777967396 +/- 0.00155844604637
2.5	1.52498323459 +/- 0.0018796082195
2.6	1.73085737201 +/- 0.00253194514888
2.7	1.93821373375 +/- 0.00298771635103
2.8000000000000003	2.11322231808 +/- 0.00396850084469
2.9000000000000004	2.26212937521 +/- 0.00401130880687
3.0	2.38754295173 +/- 0.0055462847317
3.1	2.48324234872 +/- 0.00618761558105
3.2	2.55279972001 +/- 0.00831521640682
3.3000000000000003	2.61338124078 +/- 0.00766808095104
3.4000000000000004	2.66326630426 +/- 0.00838396628167
3.5	2.70109602659 +/- 0.00907533665175
3.6	2.74086204987 +/- 0.0102320620139
3.7	2.7583291038 +/- 0.0111373257229
3.8000000000000003	2.78270423499 +/- 0.0125226838198
3.9000000000000004	2.79723136938 +/- 0.0138071255382
4.0	2.80322656016 +/- 0.0144368146998


# L = 8.0 
# X: T
# Y: Binder Cumulant
0.0	1.0 +/- 0.0
0.1	1.0 +/- 0.0
0.2	1.0 +/- 0.0
0.30000000000000004	1.0 +/- 0.0
0.4	1.0 +/- 0.0
0.5	0.999999405092 +/- 1.41045676566e-07
0.6000000000000001	0.999998653901 +/- 2.8595220962e-06
0.7000000000000001	1.00000647751 +/- 7.87319924458e-06
0.8	1.00003999855 +/- 1.54967370086e-05
0.9	1.00004704161 +/- 2.57522193407e-05
1.0	1.00005962483 +/- 4.05874933538e-05
1.1	1.00026227061 +/- 6.8801208598e-05
1.2000000000000002	1.00046033115 +/- 8.75394493495e-05
1.3	1.00071478929 +/- 0.000119248624671
1.4000000000000001	1.00147462395 +/- 0.000136882643049
1.5	1.00239686567 +/- 0.000168918657317
1.6	1.00399611811 +/- 0.000232485375615
1.7000000000000002	1.00757353722 +/- 0.000312874301264
1.8	1.01168821483 +/- 0.000349436247499
1.9000000000000001	1.02094347305 +/- 0.000419483263397
2.0	1.03593239526 +/- 0.00040781815979
2.1	1.06454438801 +/- 0.000652998073518
2.2	1.11253126863 +/- 0.000747503145184
2.3000000000000003	1.18700582164 +/- 0.00100424006846
2.4000000000000004	1.29384181037 +/- 0.00114009916039
2.5	1.42907753786 +/- 0.00136982837709
2.6	1.58010807436 +/- 0.00154652291534
2.7	1.74097399368 +/- 0.00198850542766
2.8000000000000003	1.89659806364 +/- 0.00234381844623
2.9000000000000004	2.04048761955 +/- 0.00294701698264
3.0	2.16191906853 +/- 0.00338833952634
3.1	2.26414620999 +/- 0.00525321035325
3.2	2.35736850717 +/- 0.0058349760346
3.3000000000000003	2.42583299922 +/- 0.00733248777703
3.4000000000000004	2.49361751573 +/- 0.00751628616157
3.5	2.5548247804 +/- 0.00899868538995
3.6	2.58051118091 +/- 0.0091343290108
3.7	2.63515256606 +/- 0.00985101164088
3.8000000000000003	2.65082982789 +/- 0.010629287786
3.9000000000000004	2.70130648898 +/- 0.0109353773812
4.0	2.70463525322 +/- 0.012380336341


# L = 6.0 
# X: T
# Y: Binder Cumulant
0.0	1.0 +/- 0.0
0.1	1.0 +/- 0.0
0.2	1.0 +/- 0.0
0.30000000000000004	1.0 +/- 0.0
0.4	1.0 +/- 0.0
0.5	0.999999438749 +/- 2.02838055214e-07
0.6000000000000001	0.999998196271 +/- 2.29341758459e-06
0.7000000000000001	1.00000181136 +/- 8.75519347926e-06
0.8	1.00002161495 +/- 1.60728445598e-05
0.9	1.00004978095 +/- 2.4189064859e-05
1.0	1.00009369596 +/- 4.58149524774e-05
1.1	1.00040395564 +/- 6.45927419574e-05
1.2000000000000002	1.00074165299 +/- 0.000106682806073
1.3	1.00130726521 +/- 0.000117103605461
1.4000000000000001	1.00270449907 +/- 0.000160157453114
1.5	1.00412415187 +/- 0.0001876759082
1.6	1.00707316524 +/- 0.000259886980058
1.7000000000000002	1.01147562748 +/- 0.000340426731712
1.8	1.01931351527 +/- 0.000361466521619
1.9000000000000001	1.03039490662 +/- 0.000439199014419
2.0	1.04904140341 +/- 0.000449317496299
2.1	1.07782241374 +/- 0.000615071047028
2.2	1.11812286041 +/- 0.000701343553219
2.3000000000000003	1.17724898405 +/- 0.000988220660542
2.4000000000000004	1.24941643469 +/- 0.00100583565671
2.5	1.33919924997 +/- 0.00119425489783
2.6	1.43490585505 +/- 0.0014733158078
2.7	1.54819474141 +/- 0.00175871113663
2.8000000000000003	1.65595413687 +/- 0.00217106950772
2.9000000000000004	1.76994578585 +/- 0.00217402198404
3.0	1.8724121191 +/- 0.00244774502679
3.1	1.96978971639 +/- 0.00290391359869
3.2	2.06071495949 +/- 0.00351973142655
3.3000000000000003	2.13369383833 +/- 0.00373885899694
3.4000000000000004	2.21376536436 +/- 0.00387116686442
3.5	2.28136062591 +/- 0.00404820745866
3.6	2.3388200908 +/- 0.005164504326
3.7	2.37986731584 +/- 0.00529632833563
3.8000000000000003	2.42748371327 +/- 0.00529256407091
3.9000000000000004	2.45082251112 +/- 0.00614303035922
4.0	2.48856470459 +/- 0.00679360774006


# L = 4.0 
# X: T
# Y: Binder Cumulant
0.0	1.0 +/- 0.0
0.1	1.0 +/- 0.0
0.2	1.0 +/- 0.0
0.30000000000000004	1.0 +/- 0.0
0.4	1.0 +/- 0.0
0.5	0.999999798007 +/- 1.42100479901e-07
0.6000000000000001	1.00000463822 +/- 2.81145550388e-06
0.7000000000000001	1.00001581432 +/- 7.44964300779e-06
0.8	1.00004285113 +/- 1.3375051479e-05
0.9	1.00014262538 +/- 2.33262668112e-05
1.0	1.00029196107 +/- 3.89334245785e-05
1.1	1.00082113792 +/- 4.87747059013e-05
1.2000000000000002	1.00154947516 +/- 6.95641973031e-05
1.3	1.00298442943 +/- 0.000103198210385
1.4000000000000001	1.00488026461 +/- 0.000135466080602
1.5	1.00810006979 +/- 0.000150071328818
1.6	1.01358927864 +/- 0.0002030627447
1.7000000000000002	1.02048868231 +/- 0.00023235486615
1.8	1.03190808273 +/- 0.000246916227404
1.9000000000000001	1.04612917152 +/- 0.000361733542056
2.0	1.06549362627 +/- 0.000424773342131
2.1	1.09133925784 +/- 0.00042419202378
2.2	1.12284208906 +/- 0.000505840934048
2.3000000000000003	1.16040122932 +/- 0.000630804662526
2.4000000000000004	1.20547570758 +/- 0.000622093047028
2.5	1.25538488976 +/- 0.000837900134191
2.6	1.30867573133 +/- 0.000867628929109
2.7	1.36828470906 +/- 0.000947300135841
2.8000000000000003	1.43133448482 +/- 0.00111971706024
2.9000000000000004	1.49584808442 +/- 0.00123638064447
3.0	1.55804382902 +/- 0.00127835816482
3.1	1.62020963208 +/- 0.00138065257298
3.2	1.68438447692 +/- 0.00144786793744
3.3000000000000003	1.74273063219 +/- 0.00147598503459
3.4000000000000004	1.8030196049 +/- 0.00196435446016
3.5	1.85831361565 +/- 0.00210866614489
3.6	1.91122374598 +/- 0.00204130076717
3.7	1.96047376462 +/- 0.00228411220353
3.8000000000000003	2.00683555934 +/- 0.00235059503814
3.9000000000000004	2.04443672137 +/- 0.0024250647796
4.0	2.08924027695 +/- 0.0024770668641


