# L = 8.0 
# X: T
# Y: Binder Cumulant
0.0	1.0 +/- 0.0
0.1	1.0 +/- 0.0
0.2	1.0 +/- 0.0
0.30000000000000004	1.0 +/- 0.0
0.4	1.0 +/- 0.0
0.5	1.0 +/- 0.0
0.6000000000000001	0.999999992274 +/- 7.72563560759e-09
0.7000000000000001	0.999999842912 +/- 3.57347546126e-08
0.8	0.99999865761 +/- 1.0389008947e-07
0.9	1.00000108069 +/- 3.67218942618e-06
1.0	1.00001052824 +/- 7.23800631576e-06
1.1	1.00000821896 +/- 1.15602138142e-05
1.2000000000000002	1.00001141423 +/- 1.71158118505e-05
1.3	1.00002899259 +/- 2.97363954377e-05
1.4000000000000001	1.00004780908 +/- 3.57140712158e-05
1.5	0.99999958085 +/- 4.44830927855e-05
1.6	1.00007618736 +/- 5.9399408735e-05
1.7000000000000002	1.00007145012 +/- 7.75211730933e-05
1.8	1.00020059568 +/- 0.000104648730335
1.9000000000000001	1.00010464577 +/- 0.000120603052725
2.0	0.999773655985 +/- 0.000150597029645
2.1	1.0001236218 +/- 0.000173193894226
2.2	1.00020163503 +/- 0.000192883767232
2.3000000000000003	1.0000002614 +/- 0.000254226516475
2.4000000000000004	1.00031623522 +/- 0.000269663320792
2.5	1.00034366905 +/- 0.000274404135956
2.6	1.00031042784 +/- 0.00032084737117
2.7	1.00097760878 +/- 0.000364858889284
2.8000000000000003	1.00096150679 +/- 0.000388252536005
2.9000000000000004	1.00158731095 +/- 0.000440410202483
3.0	1.00080234711 +/- 0.000486531311132
3.1	1.00177885006 +/- 0.000535544271232
3.2	1.00150576466 +/- 0.000521181997369
3.3000000000000003	1.00194353701 +/- 0.00062652830104
3.4000000000000004	1.00292513527 +/- 0.000689782503037
3.5	1.00500748148 +/- 0.000749619565297
3.6	1.00651832705 +/- 0.00083042288242
3.7	1.00908674403 +/- 0.000870607421121
3.8000000000000003	1.01073614984 +/- 0.000919509328768
3.9000000000000004	1.01648338026 +/- 0.00109176000207
4.0	1.02679168372 +/- 0.00124124910754
4.1000000000000005	1.04057656305 +/- 0.00117749575977
4.2	1.07113976042 +/- 0.00141640207596
4.3	1.14583534697 +/- 0.0019261114547
4.4	1.2953738945 +/- 0.00234257770339
4.5	1.5269390496 +/- 0.00323623329928
4.6000000000000005	1.81063312226 +/- 0.00396528623726
4.7	2.08855733633 +/- 0.0057714102895
4.800000000000001	2.31030875822 +/- 0.00889138337032
4.9	2.47689756753 +/- 0.0113641036366
5.0	2.62016781379 +/- 0.0109757792716
5.1000000000000005	2.70764713778 +/- 0.0127023653892
5.2	2.7337515141 +/- 0.0169059773656
5.300000000000001	2.78726295449 +/- 0.0219821272787
5.4	2.81365912255 +/- 0.0190658419141
5.5	2.841110595 +/- 0.0211568446003
5.6000000000000005	2.90649330559 +/- 0.0264899188359
5.7	2.90449475671 +/- 0.0230836306028
5.800000000000001	2.8845129835 +/- 0.0308075118258
5.9	2.94992475063 +/- 0.02673996016
6.0	2.88925913184 +/- 0.0320767946768
6.1000000000000005	2.90362653889 +/- 0.0316645829232
6.2	2.9480804294 +/- 0.0321605562895
6.300000000000001	2.88395669015 +/- 0.0340330584214
6.4	2.93913475519 +/- 0.0363591996423
6.5	2.8873947917 +/- 0.0366941634005
6.6000000000000005	2.96291418481 +/- 0.0405748160599
6.7	2.956349757 +/- 0.0331556529475
6.800000000000001	2.95824307567 +/- 0.0381980688188
6.9	2.9388171247 +/- 0.0435491772905
7.0	3.0342642767 +/- 0.0462518680769


# L = 4.0 
# X: T
# Y: Binder Cumulant
0.0	1.0 +/- 0.0
0.1	1.0 +/- 0.0
0.2	1.0 +/- 0.0
0.30000000000000004	1.0 +/- 0.0
0.4	1.0 +/- 0.0
0.5	1.0 +/- 0.0
0.6000000000000001	1.0 +/- 0.0
0.7000000000000001	0.999999863245 +/- 7.78957473479e-08
0.8	1.00000064429 +/- 1.53448878862e-06
0.9	1.00000693224 +/- 4.68845013629e-06
1.0	0.999999340799 +/- 5.41191020796e-06
1.1	1.00001022632 +/- 1.11590986763e-05
1.2000000000000002	0.999996985971 +/- 1.97475176704e-05
1.3	0.999961179719 +/- 2.44510584071e-05
1.4000000000000001	1.00004875871 +/- 2.89416708714e-05
1.5	1.0001220924 +/- 4.7853712054e-05
1.6	1.00021276561 +/- 5.2366865839e-05
1.7000000000000002	1.00014266931 +/- 6.98450797882e-05
1.8	1.0004308799 +/- 9.66405308933e-05
1.9000000000000001	1.00034614663 +/- 0.000121275925188
2.0	1.00072678401 +/- 0.000132696322561
2.1	1.0011818001 +/- 0.000157546072871
2.2	1.00178964902 +/- 0.000200773065552
2.3000000000000003	1.00176563367 +/- 0.000188508904723
2.4000000000000004	1.00260691412 +/- 0.000262181725388
2.5	1.00299849766 +/- 0.000287600618462
2.6	1.0043412883 +/- 0.000308637968296
2.7	1.00466296224 +/- 0.000291362550398
2.8000000000000003	1.0070878183 +/- 0.000417237006801
2.9000000000000004	1.00829163032 +/- 0.000402391447783
3.0	1.01103304418 +/- 0.000431436548377
3.1	1.01393011271 +/- 0.000463429239959
3.2	1.01737933615 +/- 0.00059766483533
3.3000000000000003	1.02306152214 +/- 0.000601231793919
3.4000000000000004	1.03112714502 +/- 0.000674026959139
3.5	1.04009587438 +/- 0.000621512118742
3.6	1.05117536667 +/- 0.000703119304417
3.7	1.06905264757 +/- 0.00081687740122
3.8000000000000003	1.09252023472 +/- 0.00088843474683
3.9000000000000004	1.12283442471 +/- 0.000950570517624
4.0	1.16117478911 +/- 0.00119002030078
4.1000000000000005	1.20997348743 +/- 0.00122935979171
4.2	1.27015843413 +/- 0.0013420554369
4.3	1.34089566625 +/- 0.00150204626289
4.4	1.42128321995 +/- 0.00184069080099
4.5	1.50584172941 +/- 0.00173729519858
4.6000000000000005	1.59346732661 +/- 0.00191836373561
4.7	1.68827909046 +/- 0.00238516001262
4.800000000000001	1.78064897879 +/- 0.00268191134258
4.9	1.87172592245 +/- 0.00287836366281
5.0	1.95363333179 +/- 0.00293956331371
5.1000000000000005	2.03101104508 +/- 0.00338952135829
5.2	2.09940332689 +/- 0.00317792582815
5.300000000000001	2.17811749598 +/- 0.00421732461222
5.4	2.23165472318 +/- 0.00495789688475
5.5	2.29127342838 +/- 0.0056285828465
5.6000000000000005	2.35079081683 +/- 0.00576276112835
5.7	2.39422481363 +/- 0.00538356040793
5.800000000000001	2.42637997039 +/- 0.00593366113849
5.9	2.46374531695 +/- 0.00538032571976
6.0	2.50506617022 +/- 0.007744683409
6.1000000000000005	2.53864052807 +/- 0.00760285656339
6.2	2.56181704379 +/- 0.00800402957155
6.300000000000001	2.58722230019 +/- 0.00860838452081
6.4	2.61122881824 +/- 0.00811699444323
6.5	2.62919545141 +/- 0.00887211956668
6.6000000000000005	2.64529928622 +/- 0.00776522477146
6.7	2.67271610913 +/- 0.0103924284565
6.800000000000001	2.68756115352 +/- 0.00956452304841
6.9	2.71236124002 +/- 0.00997019321498
7.0	2.71181863296 +/- 0.0106874218243


# L = 10.0 
# X: T
# Y: Binder Cumulant
0.0	1.0 +/- 0.0
0.1	1.0 +/- 0.0
0.2	1.0 +/- 0.0
0.30000000000000004	1.0 +/- 0.0
0.4	1.0 +/- 0.0
0.5	1.0 +/- 0.0
0.6000000000000001	1.0 +/- 0.0
0.7000000000000001	0.999999874747 +/- 2.47754279591e-08
0.8	1.00000072415 +/- 1.96457550763e-06
0.9	1.00000333895 +/- 4.31498932075e-06
1.0	1.00000499286 +/- 7.67965642238e-06
1.1	0.999989725848 +/- 1.25504652785e-05
1.2000000000000002	0.999993105393 +/- 1.95868351113e-05
1.3	0.999978458393 +/- 2.680597508e-05
1.4000000000000001	1.00003927208 +/- 4.21170484644e-05
1.5	0.999967823605 +/- 4.93427046803e-05
1.6	1.0000119344 +/- 7.28542881118e-05
1.7000000000000002	1.00002007999 +/- 8.1853393601e-05
1.8	0.999882157959 +/- 0.000104588724043
1.9000000000000001	0.999949383238 +/- 0.000134596523918
2.0	0.999871273 +/- 0.00014478795642
2.1	1.00025643855 +/- 0.000163630374443
2.2	1.00008103961 +/- 0.000194899480355
2.3000000000000003	1.00027799493 +/- 0.00021125039934
2.4000000000000004	1.00039432392 +/- 0.000271468618153
2.5	0.999880399176 +/- 0.000307709702624
2.6	0.999720471384 +/- 0.000309910900548
2.7	0.999981774303 +/- 0.000319322810155
2.8000000000000003	1.00129828209 +/- 0.000427993356175
2.9000000000000004	0.999865555345 +/- 0.000447301701074
3.0	1.0007377662 +/- 0.000472541830639
3.1	1.00131165614 +/- 0.000514803044776
3.2	1.00145675096 +/- 0.000611334813326
3.3000000000000003	1.00187520346 +/- 0.000602557500388
3.4000000000000004	1.00191652112 +/- 0.000690160543196
3.5	1.00296131481 +/- 0.000705816273835
3.6	1.0014251002 +/- 0.000755638662105
3.7	1.00530975454 +/- 0.000916168834343
3.8000000000000003	1.00730361932 +/- 0.000946945391897
3.9000000000000004	1.00880337856 +/- 0.00111734324951
4.0	1.01551692455 +/- 0.00117161597541
4.1000000000000005	1.01930864343 +/- 0.00129039398009
4.2	1.04065541555 +/- 0.00157099119021
4.3	1.08541455835 +/- 0.00164194560864
4.4	1.21269490701 +/- 0.00243456619519
4.5	1.5219059892 +/- 0.00388699541259
4.6000000000000005	1.92684154407 +/- 0.00577277652973
4.7	2.29096462584 +/- 0.0094516085637
4.800000000000001	2.5211002505 +/- 0.0114992377215
4.9	2.67104919154 +/- 0.0155232599159
5.0	2.76916251983 +/- 0.0169863242262
5.1000000000000005	2.85590819331 +/- 0.0193289778378
5.2	2.85736077554 +/- 0.0242235759842
5.300000000000001	2.90076025007 +/- 0.0266251473444
5.4	2.94297038714 +/- 0.0342492159629
5.5	2.93615279813 +/- 0.0363925259446
5.6000000000000005	2.96435156232 +/- 0.0353623065956
5.7	2.97249121666 +/- 0.0405976466216
5.800000000000001	2.94974806885 +/- 0.0364950839176
5.9	2.94388432167 +/- 0.0400810564537
6.0	2.92243571388 +/- 0.0410904541691
6.1000000000000005	2.92004230356 +/- 0.0513210938781
6.2	2.9451986213 +/- 0.0462803923229
6.300000000000001	2.97348418932 +/- 0.0497308221376
6.4	3.0065421752 +/- 0.0489232099329
6.5	2.97194334103 +/- 0.0576900395339
6.6000000000000005	2.95865860066 +/- 0.0557018661443
6.7	2.9578997438 +/- 0.0607512949657
6.800000000000001	2.93294805127 +/- 0.0565473924559
6.9	3.12455182815 +/- 0.0689504592599
7.0	3.01198602805 +/- 0.0631975810527


# L = 16.0 
# X: T
# Y: Binder Cumulant
0.0	1.0 +/- 0.0
0.1	1.0 +/- 0.0
0.2	1.0 +/- 0.0
0.30000000000000004	1.0 +/- 0.0
0.4	1.0 +/- 0.0
0.5	1.0 +/- 0.0
0.6000000000000001	0.999999995121 +/- 2.1453549009e-09
0.7000000000000001	0.999999874135 +/- 9.72827961041e-09
0.8	0.999998815508 +/- 3.57456213118e-08
0.9	1.0000035545 +/- 4.40018216213e-06
1.0	0.999995177418 +/- 6.07198270463e-06
1.1	0.9999950019 +/- 1.06967064814e-05
1.2000000000000002	1.00000464978 +/- 2.19869208955e-05
1.3	1.00004304391 +/- 2.710633548e-05
1.4000000000000001	0.999981746632 +/- 4.1858913164e-05
1.5	1.00002500997 +/- 4.53090324639e-05
1.6	0.999906752279 +/- 6.50475241525e-05
1.7000000000000002	1.00010284029 +/- 9.21424082772e-05
1.8	0.999999354759 +/- 9.2306777421e-05
1.9000000000000001	1.00011416011 +/- 0.000121517338937
2.0	0.999941517507 +/- 0.000135170632773
2.1	1.0001700093 +/- 0.000172075054582
2.2	1.00031899845 +/- 0.000205995668474
2.3000000000000003	0.999789776679 +/- 0.000234374281359
2.4000000000000004	1.00032042746 +/- 0.000260137561606
2.5	0.999808090354 +/- 0.000269032998624
2.6	0.999853846344 +/- 0.000310429544948
2.7	1.00009448404 +/- 0.000393876841574
2.8000000000000003	1.00016327971 +/- 0.000414517559885
2.9000000000000004	0.998710753344 +/- 0.000366494701884
3.0	1.00009850034 +/- 0.000468984133331
3.1	0.999755748312 +/- 0.000572822927724
3.2	1.00042499978 +/- 0.000520662066738
3.3000000000000003	1.00043244115 +/- 0.000606089555726
3.4000000000000004	0.999676977927 +/- 0.000747792109377
3.5	0.99988292861 +/- 0.000755755618863
3.6	0.999967879116 +/- 0.000798457617556
3.7	1.00185176867 +/- 0.000855000465416
3.8000000000000003	1.00099356617 +/- 0.000815019225554
3.9000000000000004	1.00204008786 +/- 0.0010820389879
4.0	1.00326304417 +/- 0.00113599835704
4.1000000000000005	1.00402908406 +/- 0.00132049908847
4.2	1.01242228463 +/- 0.00146387930039
4.3	1.0261674625 +/- 0.0016571746984
4.4	1.0685383379 +/- 0.0021153864584
4.5	1.48436287276 +/- 0.00500541547185
4.6000000000000005	2.28893513617 +/- 0.0114547249577
4.7	2.72683998913 +/- 0.0191955512133
4.800000000000001	2.82193486301 +/- 0.0251517903848
4.9	2.94931637855 +/- 0.0320474493842
5.0	2.90855102354 +/- 0.0398618476049
5.1000000000000005	2.99616226053 +/- 0.0486908172126
5.2	3.02631709183 +/- 0.0557860093456
5.300000000000001	2.88811616426 +/- 0.0508398952117
5.4	2.97829108158 +/- 0.0655830050365
5.5	2.87370184847 +/- 0.0650608548623
5.6000000000000005	3.02318487139 +/- 0.0669865037115
5.7	2.91957337691 +/- 0.0799683436961
5.800000000000001	2.95909006533 +/- 0.0755063457438
5.9	2.88183801269 +/- 0.0875273627044
6.0	3.05518633955 +/- 0.102081021203
6.1000000000000005	3.0528149323 +/- 0.108383989763
6.2	2.84989661775 +/- 0.110238020172
6.300000000000001	2.85654992704 +/- 0.0965385244707
6.4	3.05266673825 +/- 0.102334749386
6.5	2.83072929054 +/- 0.107141216973
6.6000000000000005	2.99922518266 +/- 0.107860063411
6.7	3.04433494125 +/- 0.114175434795
6.800000000000001	2.88550881824 +/- 0.101944023713
6.9	2.93087740147 +/- 0.153470423482
7.0	2.78143985566 +/- 0.130189503223


# L = 12.0 
# X: T
# Y: Binder Cumulant
0.0	1.0 +/- 0.0
0.1	1.0 +/- 0.0
0.2	1.0 +/- 0.0
0.30000000000000004	1.0 +/- 0.0
0.4	1.0 +/- 0.0
0.5	1.0 +/- 0.0
0.6000000000000001	0.999999993132 +/- 3.932630361e-09
0.7000000000000001	0.999999846614 +/- 1.84619728767e-08
0.8	0.999998715674 +/- 5.16210872303e-08
0.9	1.00000121111 +/- 3.91608385315e-06
1.0	1.00000272984 +/- 7.58978921495e-06
1.1	1.00000893252 +/- 1.21488803827e-05
1.2000000000000002	1.00001112881 +/- 1.88420906776e-05
1.3	0.99999725787 +/- 2.87541547584e-05
1.4000000000000001	1.00002556605 +/- 4.05894348062e-05
1.5	0.99993353216 +/- 5.79674279989e-05
1.6	1.00018201074 +/- 6.90730588087e-05
1.7000000000000002	1.00011130483 +/- 8.43319923065e-05
1.8	1.00000344101 +/- 0.000108024147882
1.9000000000000001	1.00016407226 +/- 0.000139553489452
2.0	0.999936356769 +/- 0.000128665374733
2.1	0.999990110758 +/- 0.000161950160144
2.2	1.00052957934 +/- 0.000199355938491
2.3000000000000003	1.00023184437 +/- 0.000234158829922
2.4000000000000004	1.00032483153 +/- 0.000271920548417
2.5	1.0007117637 +/- 0.000285873258988
2.6	1.00031520762 +/- 0.000331045487034
2.7	1.00016966271 +/- 0.00035996846873
2.8000000000000003	1.00007778737 +/- 0.000345591841944
2.9000000000000004	1.00015331057 +/- 0.000429514273425
3.0	1.00076741633 +/- 0.00046251191827
3.1	1.00048202871 +/- 0.000581174012967
3.2	1.00032513922 +/- 0.000590060181316
3.3000000000000003	1.00035597449 +/- 0.000671867290337
3.4000000000000004	1.00140764118 +/- 0.000693218154984
3.5	1.00148000916 +/- 0.000739908877312
3.6	1.00194398205 +/- 0.000887297035667
3.7	1.00186083916 +/- 0.000941048084104
3.8000000000000003	1.00164217781 +/- 0.000907210221554
3.9000000000000004	1.00627580307 +/- 0.00102409638234
4.0	1.0078670296 +/- 0.00110194308623
4.1000000000000005	1.0133093276 +/- 0.00131922208687
4.2	1.02268166532 +/- 0.00155440941075
4.3	1.05105745211 +/- 0.00146993910395
4.4	1.1530390486 +/- 0.00232440415477
4.5	1.51675913911 +/- 0.00438364267308
4.6000000000000005	2.04810523837 +/- 0.00766521615555
4.7	2.45427675676 +/- 0.0126325024652
4.800000000000001	2.67716574169 +/- 0.0166474827243
4.9	2.79236870281 +/- 0.0239590619281
5.0	2.829830977 +/- 0.0240173030074
5.1000000000000005	2.88907522935 +/- 0.0302257249098
5.2	2.90720831589 +/- 0.0355899118433
5.300000000000001	2.89477569011 +/- 0.0344003731771
5.4	2.93006501341 +/- 0.0355011758058
5.5	2.97995218739 +/- 0.0445744689599
5.6000000000000005	3.00161779987 +/- 0.0513947427671
5.7	2.98247107449 +/- 0.0484093750243
5.800000000000001	2.93321235346 +/- 0.0567099353796
5.9	2.94863258198 +/- 0.0543221816162
6.0	2.94027568099 +/- 0.058835787519
6.1000000000000005	2.9702094739 +/- 0.0693347925142
6.2	2.96330247498 +/- 0.063932047331
6.300000000000001	2.99208311696 +/- 0.075647731127
6.4	2.89136946132 +/- 0.0736002869864
6.5	3.01289128954 +/- 0.0771386229491
6.6000000000000005	3.0219741431 +/- 0.0870633379839
6.7	3.08258982578 +/- 0.0842327825531
6.800000000000001	3.11681651933 +/- 0.0828273134107
6.9	3.09454608829 +/- 0.0878558076871
7.0	2.98662596932 +/- 0.0901522922332


# L = 14.0 
# X: T
# Y: Binder Cumulant
0.0	1.0 +/- 0.0
0.1	1.0 +/- 0.0
0.2	1.0 +/- 0.0
0.30000000000000004	1.0 +/- 0.0
0.4	1.0 +/- 0.0
0.5	1.0 +/- 0.0
0.6000000000000001	0.999999987008 +/- 4.18624332109e-09
0.7000000000000001	0.999999835436 +/- 1.56340215495e-08
0.8	1.00000075931 +/- 1.98511380981e-06
0.9	0.999999373521 +/- 3.40022277723e-06
1.0	1.00000329178 +/- 8.03623810494e-06
1.1	0.999998384909 +/- 1.15081855813e-05
1.2000000000000002	0.999969323243 +/- 1.85301366779e-05
1.3	1.00003523538 +/- 2.84522030508e-05
1.4000000000000001	0.999999240793 +/- 4.33747205099e-05
1.5	0.999992402724 +/- 5.31265741964e-05
1.6	1.0001005625 +/- 6.55502198678e-05
1.7000000000000002	0.999959822083 +/- 8.97327626677e-05
1.8	0.999998689842 +/- 0.000102893586889
1.9000000000000001	1.00004091011 +/- 0.000125025754711
2.0	0.999880135935 +/- 0.000144051590791
2.1	0.999619960752 +/- 0.000180885967609
2.2	0.999914885473 +/- 0.000202164012666
2.3000000000000003	1.00010601807 +/- 0.000233912388974
2.4000000000000004	1.00041730008 +/- 0.000271498412648
2.5	1.00005373255 +/- 0.000309633980436
2.6	0.999851088728 +/- 0.000307571006242
2.7	1.00062209588 +/- 0.000385300974377
2.8000000000000003	0.99996755115 +/- 0.000382523773002
2.9000000000000004	1.00091164842 +/- 0.000384237673693
3.0	1.00031313225 +/- 0.000455566618731
3.1	0.999301315922 +/- 0.000498165709797
3.2	0.999262345815 +/- 0.000578328005182
3.3000000000000003	1.00123521777 +/- 0.00055509504382
3.4000000000000004	1.00104388722 +/- 0.000667494684506
3.5	1.00114430159 +/- 0.000655190750595
3.6	1.00098880411 +/- 0.000753158909815
3.7	1.00151949104 +/- 0.000846093819168
3.8000000000000003	1.00090341229 +/- 0.00100737162509
3.9000000000000004	1.00516070659 +/- 0.000996389694736
4.0	1.00372807169 +/- 0.00117995367113
4.1000000000000005	1.00629709534 +/- 0.00110790954799
4.2	1.01239949004 +/- 0.00123707546275
4.3	1.0332419995 +/- 0.00176446261735
4.4	1.10667155799 +/- 0.00205992771361
4.5	1.49783675098 +/- 0.00499136518277
4.6000000000000005	2.18879432417 +/- 0.00934981245516
4.7	2.59676348595 +/- 0.0160980483447
4.800000000000001	2.79213268847 +/- 0.0205382646403
4.9	2.87688780905 +/- 0.0259089451118
5.0	2.89094833069 +/- 0.031165784007
5.1000000000000005	2.97653949717 +/- 0.0390390098518
5.2	3.01586372292 +/- 0.0412360339144
5.300000000000001	2.9797226706 +/- 0.051500992949
5.4	2.96626809969 +/- 0.0525483045951
5.5	2.94740741886 +/- 0.0539350240414
5.6000000000000005	2.9803723842 +/- 0.056181694527
5.7	2.97620522884 +/- 0.0606076852053
5.800000000000001	3.14185058156 +/- 0.0755123925236
5.9	2.95517981109 +/- 0.0646763849149
6.0	2.92485460364 +/- 0.0719524513118
6.1000000000000005	2.96655802347 +/- 0.0740779161409
6.2	2.87448589118 +/- 0.0789855473839
6.300000000000001	2.97488134421 +/- 0.0758067889445
6.4	2.88837700218 +/- 0.0821486141928
6.5	3.03629058475 +/- 0.106033287929
6.6000000000000005	2.99262732952 +/- 0.112059378833
6.7	3.05075650347 +/- 0.107318595924
6.800000000000001	2.96652504646 +/- 0.109558881023
6.9	2.97877931474 +/- 0.10065604939
7.0	3.15182713713 +/- 0.128298427598


