4.492849287415325
4.4960892148343135
4.501326794989916
4.502995879283956
4.504151269275382
4.504110570234275
4.507145815567102
4.508173921964116
4.508415169699652
4.509394311292663
4.511855280616166
4.51185694146488
4.508415169699652
4.509394311292663
4.511855280616166
4.51185694146488
4.508415169699652
4.509394311292663
4.511855280616166
4.51185694146488
4.508415169699652
4.509394311292663
4.511855280616166
4.51185694146488
4.508415169699652
4.509394311292663
4.511855280616166
4.51185694146488
4.508415169699652
4.509394311292663
4.511855280616166
4.51185694146488
4.508415169699652
4.509394311292663
4.511855280616166
4.51185694146488
4.508415169699652
4.509394311292663
4.511855280616166
4.51185694146488
4.508415169699652
4.509394311292663
4.511855280616166
4.51185694146488
4.508415169699652
4.509394311292663
4.511855280616166
4.51185694146488
4.508415169699652
4.509394311292663
4.511855280616166
4.51185694146488
4.508415169699652
4.509394311292663
4.511855280616166
4.51185694146488
4.5040715354204295
4.508415169699652
4.509394311292663
4.511855280616166
4.51185694146488
4.508415169699652
4.509394311292663
4.511855280616166
4.51185694146488
4.508415169699652
4.509394311292663
4.511855280616166
4.51185694146488
4.508415169699652
4.509394311292663
4.511855280616166
4.51185694146488
4.508415169699652
4.509394311292663
4.511855280616166
4.51185694146488
4.508415169699652
4.509394311292663
4.511855280616166
4.51185694146488
4.508415169699652
4.509394311292663
4.511855280616166
4.51185694146488
4.508415169699652
4.509394311292663
4.511855280616166
4.51185694146488
4.51185927470639
