# L = 8.0 
# X: T
# Y: |Magnetization|
4.5	0.384933638995 +/- 0.000606712937757
4.501	0.384898455008 +/- 0.000538456715768
4.502	0.384163441827 +/- 0.000559967005655
4.503	0.381591415915 +/- 0.000555265537172
4.504	0.380980761095 +/- 0.000536369074674
4.505	0.380948488702 +/- 0.00053940770521
4.506	0.379590733459 +/- 0.000516239935189
4.507	0.378071578684 +/- 0.000518472530228
4.508	0.377888625846 +/- 0.00058593998819
4.509	0.376797312913 +/- 0.000536428526752
4.51	0.375860398124 +/- 0.000531088543917
4.511	0.375514752737 +/- 0.000520748201961
4.512	0.373186193724 +/- 0.000599578177994
4.513	0.373003225254 +/- 0.0004956304641
4.514	0.371661733899 +/- 0.000573207967969
4.515	0.371613675569 +/- 0.000557858339152
4.516	0.369512381574 +/- 0.00055750952174
4.517	0.370324064231 +/- 0.00060327039526
4.518	0.368095671394 +/- 0.000518635294699
4.519	0.368208086938 +/- 0.000557939028648
4.52	0.367372580598 +/- 0.000546520719916
4.521	0.365273733834 +/- 0.0005805254766
4.522	0.365925097398 +/- 0.0005340237241
4.523	0.363667720219 +/- 0.000493506268471
4.524	0.363074616858 +/- 0.000539750100639
4.525	0.361689125141 +/- 0.000541318074064
4.526	0.362088562422 +/- 0.000522287697184
4.527	0.360569145613 +/- 0.000532561701303
4.528	0.359732057109 +/- 0.000556208823094
4.529	0.358428422533 +/- 0.000485458124987
4.53	0.357879749902 +/- 0.000521210944745
4.531	0.357448960572 +/- 0.000572938025044
4.532	0.356858498145 +/- 0.000521237197533
4.533	0.354715345499 +/- 0.000510390123288
4.534	0.353977815913 +/- 0.000522318273211
4.535	0.353604747986 +/- 0.000568172436465
4.536	0.353042647333 +/- 0.000538954151216
4.537	0.351572403199 +/- 0.000587278867266
4.538	0.350907524699 +/- 0.000528214210359
4.539	0.350566759315 +/- 0.000532735958073
4.54	0.348858065353 +/- 0.000547781772702


# L = 4.0 
# X: T
# Y: |Magnetization|
4.5	0.526385795938 +/- 0.000414882604893
4.501	0.526448179672 +/- 0.000465032108048
4.502	0.526138107152 +/- 0.000436405881001
4.503	0.525289598812 +/- 0.000408992520607
4.504	0.525220239467 +/- 0.000363968217837
4.505	0.525052233635 +/- 0.000443211417653
4.506	0.523646083491 +/- 0.000397817521966
4.507	0.523477392393 +/- 0.000418298663296
4.508	0.523399522208 +/- 0.000421075292591
4.509	0.522932607887 +/- 0.000429885627489
4.51	0.522951773233 +/- 0.000438694737463
4.511	0.521980010602 +/- 0.000431914533097
4.512	0.522318336914 +/- 0.000425606853737
4.513	0.520780319097 +/- 0.000420946451698
4.514	0.521047477001 +/- 0.000418578290813
4.515	0.521436532085 +/- 0.000397814371671
4.516	0.521112356342 +/- 0.000433258202775
4.517	0.519771834992 +/- 0.000436319794837
4.518	0.51981257248 +/- 0.000417702157709
4.519	0.519247859211 +/- 0.000397943935461
4.52	0.519501447457 +/- 0.000422228172534
4.521	0.518452377775 +/- 0.000462623162646
4.522	0.518293267564 +/- 0.000390830064699
4.523	0.517263950562 +/- 0.000416227724483
4.524	0.516696959706 +/- 0.000385139841681
4.525	0.517268166473 +/- 0.000431802961131
4.526	0.516913322567 +/- 0.000394223744326
4.527	0.516061512536 +/- 0.000423005160859
4.528	0.516177471787 +/- 0.000422779629377
4.529	0.515497606112 +/- 0.000429312491175
4.53	0.515625322575 +/- 0.000404634204021
4.531	0.514314120894 +/- 0.000405541102129
4.532	0.514642545729 +/- 0.000424466835646
4.533	0.513283613051 +/- 0.00041064675361
4.534	0.51301113935 +/- 0.000438053582023
4.535	0.514049041629 +/- 0.000463263929358
4.536	0.513055117958 +/- 0.000397876332122
4.537	0.512829342093 +/- 0.000401617557224
4.538	0.511748601056 +/- 0.00041678821581
4.539	0.511436113265 +/- 0.000436893636621
4.54	0.510077542073 +/- 0.000411038805355


# L = 10.0 
# X: T
# Y: |Magnetization|
4.5	0.348458618913 +/- 0.000606640312277
4.501	0.346549685224 +/- 0.000557227275557
4.502	0.34684119491 +/- 0.000571612924559
4.503	0.344726382667 +/- 0.000537987173683
4.504	0.344499812505 +/- 0.000634486377605
4.505	0.342526188804 +/- 0.000578810565565
4.506	0.342690555438 +/- 0.000560442954939
4.507	0.340567586468 +/- 0.000577764232349
4.508	0.338029495255 +/- 0.000638149300311
4.509	0.33845714035 +/- 0.000546152134729
4.51	0.335446047011 +/- 0.00055693660352
4.511	0.336106658821 +/- 0.000586288679504
4.512	0.334880778294 +/- 0.000577242078653
4.513	0.332848754875 +/- 0.000560933566489
4.514	0.332527343762 +/- 0.000544593046944
4.515	0.331156912969 +/- 0.000595566914611
4.516	0.329625934396 +/- 0.000577452101225
4.517	0.329233070467 +/- 0.00059226941761
4.518	0.327866071784 +/- 0.000541062022904
4.519	0.325969826135 +/- 0.00059157070344
4.52	0.324730792765 +/- 0.000559689575318
4.521	0.324616435854 +/- 0.000602560025921
4.522	0.323295287993 +/- 0.000579313806639
4.523	0.32124628058 +/- 0.000602523034836
4.524	0.320431197714 +/- 0.000548813308694
4.525	0.318686621198 +/- 0.000580971267991
4.526	0.317716157891 +/- 0.000588233716169
4.527	0.316363591558 +/- 0.000583623126491
4.528	0.31617007109 +/- 0.000584427243944
4.529	0.313834962254 +/- 0.000575974330063
4.53	0.31342002 +/- 0.000582062015355
4.531	0.31203477817 +/- 0.000592088278641
4.532	0.311052804179 +/- 0.000540062337815
4.533	0.309551480902 +/- 0.000591289449638
4.534	0.30887668682 +/- 0.000512725348498
4.535	0.30869124845 +/- 0.000568747199109
4.536	0.30758675186 +/- 0.000566005155799
4.537	0.305867380374 +/- 0.000584422402509
4.538	0.304651898253 +/- 0.000502384044386
4.539	0.304149172793 +/- 0.000566677812634
4.54	0.302384216355 +/- 0.000561284875639


# L = 16.0 
# X: T
# Y: |Magnetization|
4.5	0.287764028569 +/- 0.00061544570181
4.501	0.285215210186 +/- 0.000647548258519
4.502	0.283539337977 +/- 0.000634068640477
4.503	0.280911775898 +/- 0.000590100059615
4.504	0.279714517526 +/- 0.000608292451305
4.505	0.277325074793 +/- 0.000618562803783
4.506	0.274410926899 +/- 0.000617907167997
4.507	0.272532665198 +/- 0.000609506462136
4.508	0.271163557498 +/- 0.000595644064854
4.509	0.26815685765 +/- 0.000620541541369
4.51	0.266552115798 +/- 0.00062225964317
4.511	0.263918816348 +/- 0.00062161382149
4.512	0.262417751944 +/- 0.000569486188231
4.513	0.260981141511 +/- 0.000543056974171
4.514	0.260014206829 +/- 0.000588408500363
4.515	0.25677777448 +/- 0.000616680216481
4.516	0.254050545065 +/- 0.00068207618718
4.517	0.2522099516 +/- 0.000618080567077
4.518	0.251237008926 +/- 0.000571061525506
4.519	0.249597554453 +/- 0.000593434607661
4.52	0.247357061975 +/- 0.000562286368658
4.521	0.245462926885 +/- 0.000604811727304
4.522	0.243566543005 +/- 0.000562009538107
4.523	0.241200872725 +/- 0.000572011707262
4.524	0.238777287905 +/- 0.000631437182971
4.525	0.237206704825 +/- 0.000622215309142
4.526	0.235864315234 +/- 0.000613970361626
4.527	0.234620177805 +/- 0.000563993757584
4.528	0.232883767947 +/- 0.000583987319303
4.529	0.230798870225 +/- 0.00057552611152
4.53	0.228715171463 +/- 0.000568138356835
4.531	0.227254615614 +/- 0.000648512973813
4.532	0.226395352927 +/- 0.000578478994166
4.533	0.224223277689 +/- 0.000552343969841
4.534	0.222551873437 +/- 0.000589411003062
4.535	0.220611190025 +/- 0.000556676637385
4.536	0.218979474085 +/- 0.00056490376442
4.537	0.216652585634 +/- 0.000566215105374
4.538	0.217455966067 +/- 0.000532625015721
4.539	0.213856201017 +/- 0.000569017514883
4.54	0.212811396569 +/- 0.000565892287139


# L = 6.0 
# X: T
# Y: |Magnetization|
4.5	0.439627952468 +/- 0.000580597857191
4.501	0.438253289083 +/- 0.000470824280499
4.502	0.438161010993 +/- 0.000516520899424
4.503	0.436775665234 +/- 0.000510001659435
4.504	0.436985176871 +/- 0.000518063565017
4.505	0.435878241646 +/- 0.000492308080645
4.506	0.435341744517 +/- 0.000466605607118
4.507	0.434326989356 +/- 0.000516460553381
4.508	0.433032831427 +/- 0.000503110573847
4.509	0.432507419217 +/- 0.000522733519142
4.51	0.433217208892 +/- 0.000506643075853
4.511	0.431530381022 +/- 0.000506068292366
4.512	0.430945425369 +/- 0.000465117948155
4.513	0.429721542952 +/- 0.000513400657083
4.514	0.429667360846 +/- 0.000571316830103
4.515	0.429056154713 +/- 0.000522486071154
4.516	0.427964556257 +/- 0.000525894690171
4.517	0.427491222428 +/- 0.000512356308351
4.518	0.426989392369 +/- 0.000510361806475
4.519	0.42636016275 +/- 0.000476420388551
4.52	0.425942820281 +/- 0.000450787063486
4.521	0.424392466845 +/- 0.000500804186832
4.522	0.424675174107 +/- 0.000449482370608
4.523	0.424877147726 +/- 0.000525683488188
4.524	0.42345756403 +/- 0.000521996992817
4.525	0.422808270714 +/- 0.000537382088819
4.526	0.422076072593 +/- 0.000512828663244
4.527	0.421418389559 +/- 0.000530840235394
4.528	0.419941830268 +/- 0.000534622275978
4.529	0.420290305987 +/- 0.000508392948291
4.53	0.41961717818 +/- 0.000543197130259
4.531	0.419000449228 +/- 0.000508516062766
4.532	0.418080544751 +/- 0.000504252360601
4.533	0.41766663549 +/- 0.000493565824653
4.534	0.416966188037 +/- 0.000515417747868
4.535	0.417296771314 +/- 0.000500936587529
4.536	0.417072077812 +/- 0.000534823293674
4.537	0.41520732547 +/- 0.000489707325385
4.538	0.415013673775 +/- 0.000533691260827
4.539	0.414476360061 +/- 0.00047591648918
4.54	0.413888801998 +/- 0.000513476672662


# L = 12.0 
# X: T
# Y: |Magnetization|
4.5	0.322829374953 +/- 0.000577770022104
4.501	0.320962873058 +/- 0.000636338331554
4.502	0.319566202001 +/- 0.000605084698698
4.503	0.317878619433 +/- 0.000609985361666
4.504	0.315767474473 +/- 0.000570305901973
4.505	0.314279358963 +/- 0.000556584550839
4.506	0.313770021414 +/- 0.000653215228927
4.507	0.311330424066 +/- 0.000583719384705
4.508	0.310366857481 +/- 0.000590192053039
4.509	0.309415444372 +/- 0.000616651169826
4.51	0.308098540153 +/- 0.000645850610101
4.511	0.306239600126 +/- 0.000598812275771
4.512	0.304567963388 +/- 0.000628004234343
4.513	0.302554272355 +/- 0.000559299579061
4.514	0.302369476491 +/- 0.000659343215045
4.515	0.29992326445 +/- 0.000634139121817
4.516	0.298058694787 +/- 0.000558211898409
4.517	0.296548976829 +/- 0.000616110507196
4.518	0.296154689513 +/- 0.000603309699279
4.519	0.293975606554 +/- 0.000599835242238
4.52	0.292572933484 +/- 0.000548027983169
4.521	0.291330176467 +/- 0.000580651361961
4.522	0.290395708701 +/- 0.000584216897038
4.523	0.288989169104 +/- 0.000538799908562
4.524	0.287233949099 +/- 0.000602347998025
4.525	0.286785146795 +/- 0.000589027178476
4.526	0.284445081834 +/- 0.00058521666329
4.527	0.283455039471 +/- 0.000613645494672
4.528	0.282213970715 +/- 0.000572081000667
4.529	0.281530190482 +/- 0.000575615801748
4.53	0.279989334237 +/- 0.000532039466127
4.531	0.277802786224 +/- 0.000561217582402
4.532	0.276721684946 +/- 0.000609807473639
4.533	0.275266848327 +/- 0.000586811099896
4.534	0.27474400642 +/- 0.000555695830157
4.535	0.273170316224 +/- 0.000610007679887
4.536	0.271099211429 +/- 0.000565140748685
4.537	0.270392448504 +/- 0.000560023371946
4.538	0.269124123468 +/- 0.000606311481475
4.539	0.268173805076 +/- 0.000582330905194
4.54	0.266765170451 +/- 0.000632702205424


# L = 14.0 
# X: T
# Y: |Magnetization|
4.5	0.302535256429 +/- 0.000638952781682
4.501	0.301369581158 +/- 0.000604638854651
4.502	0.298528779933 +/- 0.000615037642526
4.503	0.297981601997 +/- 0.000557705924702
4.504	0.294993556011 +/- 0.000588658362202
4.505	0.293758393085 +/- 0.000609768221816
4.506	0.291699175034 +/- 0.000617261607658
4.507	0.290059121151 +/- 0.000585074070206
4.508	0.288227264081 +/- 0.000619766091281
4.509	0.286963240786 +/- 0.000572946993216
4.51	0.285944077573 +/- 0.000607510256209
4.511	0.28155552752 +/- 0.000638154708809
4.512	0.282099238452 +/- 0.00062665494336
4.513	0.280237122957 +/- 0.000613105369204
4.514	0.27721135118 +/- 0.000569205116527
4.515	0.276030457215 +/- 0.000589156211265
4.516	0.274539796674 +/- 0.000564796942208
4.517	0.272719951468 +/- 0.000627429614803
4.518	0.270629467609 +/- 0.000582059044046
4.519	0.268932669925 +/- 0.000548299138735
4.52	0.267591004361 +/- 0.000565300760641
4.521	0.266103648932 +/- 0.00062291890736
4.522	0.265215417157 +/- 0.000545408439148
4.523	0.26393031838 +/- 0.000584648268704
4.524	0.261696026596 +/- 0.000585766397341
4.525	0.258676356675 +/- 0.000576157042208
4.526	0.258142281641 +/- 0.000572393282684
4.527	0.256976858275 +/- 0.000564895585789
4.528	0.255190200307 +/- 0.000540888945571
4.529	0.253671562063 +/- 0.000587817867274
4.53	0.251174555803 +/- 0.000534440202751
4.531	0.25094187515 +/- 0.00057910239536
4.532	0.249398223444 +/- 0.00054216134363
4.533	0.247503555147 +/- 0.000584891248548
4.534	0.246063987092 +/- 0.000571405780958
4.535	0.244506046691 +/- 0.000585093639761
4.536	0.24336440517 +/- 0.000578720982923
4.537	0.242074656317 +/- 0.00056090992005
4.538	0.240793069523 +/- 0.000567689375355
4.539	0.238792473675 +/- 0.000558720846286
4.54	0.237344122304 +/- 0.000658540282276


