# L = 10.0 
# X: T
# Y: Binder Cumulant
0.0	1.0 +/- 0.0
0.1	1.0 +/- 0.0
0.2	1.0 +/- 0.0
0.30000000000000004	1.0 +/- 0.0
0.4	1.0 +/- 0.0
0.5	1.0 +/- 0.0
0.6000000000000001	1.0 +/- 0.0
0.7000000000000001	1.0 +/- 0.0
0.8	1.0 +/- 0.0
0.9	1.0 +/- 0.0
1.0	1.0 +/- 0.0
1.1	0.999999999001 +/- 9.99076167327e-10
1.2000000000000002	0.999999986013 +/- 3.53168337964e-09
1.3	0.999999963034 +/- 6.93430424667e-09
1.4000000000000001	0.999999863127 +/- 1.09507374172e-08
1.5	0.999999538427 +/- 2.18056139777e-08
1.6	1.00000078228 +/- 1.99737451254e-06
1.7000000000000002	1.00000103405 +/- 2.81643375231e-06
1.8	0.999997613208 +/- 2.82485011574e-06
1.9000000000000001	1.00000310728 +/- 5.48712768529e-06
2.0	0.99999933986 +/- 6.62888630914e-06
2.1	0.999998387427 +/- 9.71984992303e-06
2.2	1.00002089048 +/- 1.34418303209e-05
2.3000000000000003	0.99999037447 +/- 1.52958448991e-05
2.4000000000000004	1.00000607594 +/- 1.74727586724e-05
2.5	1.00004919037 +/- 2.30514155593e-05
2.6	1.00003854116 +/- 2.92075930828e-05
2.7	0.999975662024 +/- 3.06891555528e-05
2.8000000000000003	0.999984943606 +/- 3.65512396367e-05
2.9000000000000004	1.00002579125 +/- 4.19669825375e-05
3.0	1.00014772859 +/- 5.29738224181e-05
3.1	1.00001703693 +/- 5.80001334813e-05
3.2	0.999899544711 +/- 6.25683753543e-05
3.3000000000000003	1.00000050378 +/- 7.39361147647e-05
3.4000000000000004	1.00007596459 +/- 8.42135128353e-05
3.5	0.999880603327 +/- 7.96203306246e-05
3.6	0.999867455787 +/- 9.49275788929e-05
3.7	1.00016893469 +/- 0.000109510462771
3.8000000000000003	1.00002879746 +/- 0.000118602783963
3.9000000000000004	0.999632419524 +/- 0.000126047309145
4.0	1.00005521478 +/- 0.000144755180346
4.1000000000000005	1.00014207189 +/- 0.000147566701584
4.2	1.00036473567 +/- 0.000167984649617
4.3	0.999935083044 +/- 0.000184951997273
4.4	0.999986098223 +/- 0.000193862815646
4.5	0.99999557004 +/- 0.000205497017479
4.6000000000000005	1.0001577828 +/- 0.000227610398089
4.7	1.00013799797 +/- 0.000225664200526
4.800000000000001	1.00010810882 +/- 0.000254344871688
4.9	1.00008525715 +/- 0.000229387136836
5.0	1.00020264934 +/- 0.000273293941946
5.1000000000000005	1.00046126 +/- 0.000318095354553
5.2	0.999920832628 +/- 0.000313323831272
5.300000000000001	1.00013000546 +/- 0.000349671864607
5.4	1.0002697864 +/- 0.000369378090443
5.5	0.999974778659 +/- 0.000330393067685
5.6000000000000005	0.999840979172 +/- 0.000388236827452
5.7	1.00055634153 +/- 0.000377951083461
5.800000000000001	0.999872895482 +/- 0.000410477069414
5.9	1.00048819111 +/- 0.000467853509542
6.0	1.00083416403 +/- 0.000456238403608
6.1000000000000005	1.00022377425 +/- 0.000484177961387
6.2	1.00019057533 +/- 0.000444833564505
6.300000000000001	1.00015042759 +/- 0.000526774376921
6.4	0.998879845181 +/- 0.000621313998406
6.5	1.00085372011 +/- 0.000519628237302
6.6000000000000005	1.00045790582 +/- 0.00058501270721
6.7	1.00026383327 +/- 0.000598023388386
6.800000000000001	1.00066029393 +/- 0.000617107832424
6.9	0.999937726563 +/- 0.000673987747108
7.0	1.00095225586 +/- 0.0006505369503
7.1000000000000005	1.00108986879 +/- 0.000774979650201
7.2	1.00037544961 +/- 0.000690001972567
7.300000000000001	1.00046685823 +/- 0.000793120850632
7.4	1.00051549259 +/- 0.000727022233784
7.5	0.999625785057 +/- 0.000738069598007
7.6000000000000005	1.00054203719 +/- 0.000870426236562
7.7	1.00151586469 +/- 0.000844439836331
7.800000000000001	1.00160490229 +/- 0.000880276696812
7.9	1.00034371933 +/- 0.000964677724709
8.0	1.00242631255 +/- 0.00105090657597
8.1	1.00195386259 +/- 0.00105717536188
8.200000000000001	1.00129442121 +/- 0.00102268147751
8.3	1.00177031518 +/- 0.00101179354338
8.4	1.00296989626 +/- 0.00105131152277
8.5	1.00323545937 +/- 0.00122869808306
8.6	0.999962261912 +/- 0.00122075747481
8.700000000000001	1.00138853485 +/- 0.00130625605689
8.8	1.00567033697 +/- 0.00121417330572
8.9	1.00660949687 +/- 0.00133594606631
9.0	1.00735542738 +/- 0.00140547210304
9.1	1.01295079329 +/- 0.00164020071447
9.200000000000001	1.0161054442 +/- 0.00187774646163
9.3	1.01905027489 +/- 0.00163753189608
9.4	1.03025394467 +/- 0.00162964039118
9.5	1.05280450887 +/- 0.00211551001783
9.600000000000001	1.11568603987 +/- 0.00256004249861
9.700000000000001	1.27387317817 +/- 0.00389544572096
9.8	1.60063487186 +/- 0.0058177509329
9.9	1.99486478507 +/- 0.00827334819513
10.0	2.32843231914 +/- 0.0111868483374
10.100000000000001	2.54715129789 +/- 0.0149655413711
10.200000000000001	2.69669561605 +/- 0.0177361511286
10.3	2.7795288054 +/- 0.0238432342351
10.4	2.85466502 +/- 0.0241929408052
10.5	2.92814491962 +/- 0.0324871505159
10.600000000000001	2.94234021933 +/- 0.0307754858334
10.700000000000001	2.95104190243 +/- 0.0321923697491
10.8	3.00238007618 +/- 0.0409660412471
10.9	2.94202499915 +/- 0.0386934199704
11.0	2.91600044012 +/- 0.0439891128955
11.100000000000001	2.93346151348 +/- 0.0481878078905
11.200000000000001	2.87221654655 +/- 0.0481591295413
11.3	2.90396026406 +/- 0.0519931067804
11.4	3.0133347454 +/- 0.054706842182
11.5	2.89128256352 +/- 0.0561206185379
11.600000000000001	2.94243917791 +/- 0.0563745163291
11.700000000000001	2.8878356111 +/- 0.0486994539906
11.8	2.9729773036 +/- 0.0643889576124
11.9	3.04517447275 +/- 0.0648058936227
12.0	3.04915796791 +/- 0.073833535959


# L = 4.0 
# X: T
# Y: Binder Cumulant
0.0	1.0 +/- 0.0
0.1	1.0 +/- 0.0
0.2	1.0 +/- 0.0
0.30000000000000004	1.0 +/- 0.0
0.4	1.0 +/- 0.0
0.5	1.0 +/- 0.0
0.6000000000000001	1.0 +/- 0.0
0.7000000000000001	1.0 +/- 0.0
0.8	1.0 +/- 0.0
0.9	1.0 +/- 0.0
1.0	1.0 +/- 0.0
1.1	1.0 +/- 0.0
1.2000000000000002	1.0 +/- 0.0
1.3	1.0 +/- 0.0
1.4000000000000001	0.999999799382 +/- 5.59024265317e-08
1.5	1.00000141217 +/- 1.88698513013e-06
1.6	1.0000026119 +/- 2.64004605971e-06
1.7000000000000002	0.999996958258 +/- 2.18799938768e-07
1.8	0.999999661312 +/- 3.29985615974e-06
1.9000000000000001	0.999997637716 +/- 4.56421721312e-06
2.0	0.999996739824 +/- 6.10884343314e-06
2.1	1.00000360232 +/- 8.98568991943e-06
2.2	1.00000232129 +/- 1.28367014989e-05
2.3000000000000003	0.999983188349 +/- 1.27921399684e-05
2.4000000000000004	1.00000776049 +/- 1.71538980439e-05
2.5	1.00002761046 +/- 2.64487749827e-05
2.6	1.00000487944 +/- 2.7501090836e-05
2.7	0.999994558291 +/- 2.99092142882e-05
2.8000000000000003	1.00007206806 +/- 4.00922069866e-05
2.9000000000000004	1.00002876364 +/- 4.65446503705e-05
3.0	1.00002581899 +/- 4.37781551063e-05
3.1	0.999993013144 +/- 6.41311843747e-05
3.2	1.00007336532 +/- 6.70018817223e-05
3.3000000000000003	1.00006550293 +/- 7.74328416812e-05
3.4000000000000004	1.00006222021 +/- 7.9642748723e-05
3.5	1.00006720706 +/- 7.30707004249e-05
3.6	0.999986888833 +/- 0.00010235789251
3.7	0.999947416957 +/- 0.000104293727984
3.8000000000000003	1.00027540618 +/- 0.000127195796445
3.9000000000000004	1.00002089215 +/- 0.000120454400043
4.0	1.0002441508 +/- 0.000141612132264
4.1000000000000005	1.00025315051 +/- 0.000149261858893
4.2	1.00024137861 +/- 0.000161084158579
4.3	1.00045212277 +/- 0.000191957085934
4.4	1.00018861859 +/- 0.000175195177012
4.5	1.00015630002 +/- 0.000194616872996
4.6000000000000005	1.00028758786 +/- 0.000219981182784
4.7	1.00033496623 +/- 0.000215165151462
4.800000000000001	1.00067321619 +/- 0.000229579587371
4.9	1.00028200634 +/- 0.000222163377412
5.0	1.00057421952 +/- 0.00029979861273
5.1000000000000005	1.0004542034 +/- 0.000235672686131
5.2	1.00096460749 +/- 0.000344007011435
5.300000000000001	1.00138417507 +/- 0.000285912646471
5.4	1.00140327833 +/- 0.000313442739807
5.5	1.00136504556 +/- 0.000412782592867
5.6000000000000005	1.00110632884 +/- 0.000337183022124
5.7	1.00137446243 +/- 0.000375821929876
5.800000000000001	1.00165230223 +/- 0.000374009644795
5.9	1.00146560924 +/- 0.000373671270609
6.0	1.00217274544 +/- 0.000481409575746
6.1000000000000005	1.00290489838 +/- 0.000404318449778
6.2	1.00197191157 +/- 0.000428003104379
6.300000000000001	1.00247954485 +/- 0.000447451598322
6.4	1.00362016652 +/- 0.000482420588218
6.5	1.00239412279 +/- 0.000595148756461
6.6000000000000005	1.00449148529 +/- 0.00049897932949
6.7	1.0049737252 +/- 0.000553935464568
6.800000000000001	1.00505226976 +/- 0.000533017054046
6.9	1.00547012657 +/- 0.000556843305154
7.0	1.00516272385 +/- 0.000605119629809
7.1000000000000005	1.00695147376 +/- 0.000686823722593
7.2	1.0080567914 +/- 0.000604142352133
7.300000000000001	1.00918387725 +/- 0.000580043948916
7.4	1.00910565439 +/- 0.000717238331285
7.5	1.00938975803 +/- 0.000730606731017
7.6000000000000005	1.01050782604 +/- 0.000724509350306
7.7	1.01229006044 +/- 0.000835651189748
7.800000000000001	1.01381374801 +/- 0.000748773510589
7.9	1.01780701132 +/- 0.000874487502709
8.0	1.01765215251 +/- 0.000893465361236
8.1	1.02100878349 +/- 0.00103976709342
8.200000000000001	1.02556677664 +/- 0.000978261896858
8.3	1.02711189207 +/- 0.00102447717462
8.4	1.03197224667 +/- 0.00111929676908
8.5	1.04146622181 +/- 0.00108109327117
8.6	1.04769496712 +/- 0.00124894790832
8.700000000000001	1.05831060783 +/- 0.00119948939186
8.8	1.06967988637 +/- 0.00135838109278
8.9	1.08483372596 +/- 0.00152789089021
9.0	1.10592857547 +/- 0.00168916553983
9.1	1.13273413987 +/- 0.00152088640053
9.200000000000001	1.16586795965 +/- 0.00167069218546
9.3	1.20994594848 +/- 0.00188718999956
9.4	1.26214216912 +/- 0.00239858176904
9.5	1.31891817367 +/- 0.00238638434978
9.600000000000001	1.39250797796 +/- 0.00268354436699
9.700000000000001	1.47263599375 +/- 0.00346475709439
9.8	1.55288229438 +/- 0.00343156739521
9.9	1.64725197201 +/- 0.00318975649133
10.0	1.7283372198 +/- 0.00498925837039
10.100000000000001	1.82084493932 +/- 0.0046789456137
10.200000000000001	1.91190405324 +/- 0.0050548042525
10.3	2.0071747371 +/- 0.00611629429353
10.4	2.08032446832 +/- 0.00601495401761
10.5	2.1591247326 +/- 0.00739957255243
10.600000000000001	2.21451266511 +/- 0.00663102029854
10.700000000000001	2.28253139831 +/- 0.00794404871067
10.8	2.33036297122 +/- 0.0084635492358
10.9	2.38756091153 +/- 0.00715343806945
11.0	2.45732570898 +/- 0.00872145455442
11.100000000000001	2.492908023 +/- 0.0101476280226
11.200000000000001	2.53599942484 +/- 0.0109221256465
11.3	2.57153465169 +/- 0.0107485591906
11.4	2.59366309494 +/- 0.0107983626862
11.5	2.63712290774 +/- 0.0133997874743
11.600000000000001	2.67006261927 +/- 0.0141865504263
11.700000000000001	2.68898385081 +/- 0.0148633322786
11.8	2.72416693009 +/- 0.0144118314472
11.9	2.72232520677 +/- 0.0118570163102
12.0	2.70885039412 +/- 0.0131463722122


# L = 8.0 
# X: T
# Y: Binder Cumulant
0.0	1.0 +/- 0.0
0.1	1.0 +/- 0.0
0.2	1.0 +/- 0.0
0.30000000000000004	1.0 +/- 0.0
0.4	1.0 +/- 0.0
0.5	1.0 +/- 0.0
0.6000000000000001	1.0 +/- 0.0
0.7000000000000001	1.0 +/- 0.0
0.8	1.0 +/- 0.0
0.9	1.0 +/- 0.0
1.0	1.0 +/- 0.0
1.1	1.0 +/- 0.0
1.2000000000000002	0.999999992269 +/- 3.81755370272e-09
1.3	0.999999955548 +/- 9.24569264495e-09
1.4000000000000001	0.999999860847 +/- 1.55069831359e-08
1.5	0.999999543886 +/- 2.92500401931e-08
1.6	0.999998817241 +/- 5.15780301354e-08
1.7000000000000002	0.999997230449 +/- 7.54585545868e-08
1.8	1.00000160609 +/- 3.91771670556e-06
1.9000000000000001	0.999996784993 +/- 4.37575269512e-06
2.0	1.00000154762 +/- 6.85118498733e-06
2.1	1.00000478114 +/- 8.79512696038e-06
2.2	1.00000643761 +/- 1.18221336017e-05
2.3000000000000003	1.00001246242 +/- 1.55735888428e-05
2.4000000000000004	1.00003709888 +/- 2.03727617498e-05
2.5	0.999978090421 +/- 2.46130577421e-05
2.6	0.999970591773 +/- 3.1255505075e-05
2.7	0.999984685964 +/- 2.99442860966e-05
2.8000000000000003	1.00002221906 +/- 3.82377333234e-05
2.9000000000000004	0.99991896593 +/- 3.91143948509e-05
3.0	0.999970141323 +/- 5.04484689686e-05
3.1	1.0000297267 +/- 6.03713473553e-05
3.2	0.999989868479 +/- 6.72594564128e-05
3.3000000000000003	0.999910567785 +/- 6.92940215731e-05
3.4000000000000004	1.00004249866 +/- 8.62827069888e-05
3.5	1.00000540784 +/- 9.53235136696e-05
3.6	1.0001018397 +/- 0.000103034766631
3.7	0.999898571988 +/- 0.000113770808023
3.8000000000000003	0.999961820478 +/- 0.000130444300156
3.9000000000000004	1.00005493452 +/- 0.000136939046644
4.0	0.999679919836 +/- 0.000133974273847
4.1000000000000005	0.999947249426 +/- 0.000175173661927
4.2	0.999835428406 +/- 0.000173501070024
4.3	1.00033097428 +/- 0.000179962513945
4.4	1.00032774834 +/- 0.000199711401908
4.5	0.999870816676 +/- 0.000222190031598
4.6000000000000005	1.00015790338 +/- 0.000218106209128
4.7	1.00016900756 +/- 0.000266193027113
4.800000000000001	1.0001437158 +/- 0.000254941409192
4.9	1.00011501151 +/- 0.000283786184835
5.0	0.999643137586 +/- 0.000247449918889
5.1000000000000005	0.999776631608 +/- 0.000298331267219
5.2	1.0003224073 +/- 0.000323574960735
5.300000000000001	0.999898835216 +/- 0.000334336243409
5.4	1.00024068921 +/- 0.000363837961167
5.5	1.00127212897 +/- 0.000327387262866
5.6000000000000005	1.00008209803 +/- 0.000395149350416
5.7	1.00059473875 +/- 0.000373085622414
5.800000000000001	1.00064965962 +/- 0.000426076823588
5.9	0.999908464355 +/- 0.000418983035343
6.0	1.00035695813 +/- 0.000442865953865
6.1000000000000005	1.00033240228 +/- 0.000502325454809
6.2	1.00093600595 +/- 0.000464805003248
6.300000000000001	1.00025701355 +/- 0.000535354494128
6.4	1.00030868054 +/- 0.000556596099747
6.5	1.00031708007 +/- 0.000556075230558
6.6000000000000005	1.00028985307 +/- 0.00053555138389
6.7	1.0016541743 +/- 0.000641435989894
6.800000000000001	1.00041893879 +/- 0.000601288123982
6.9	1.00066226151 +/- 0.000611725510267
7.0	1.00053423052 +/- 0.000665348301034
7.1000000000000005	1.00121076733 +/- 0.000707864357438
7.2	1.00042837752 +/- 0.00069773054473
7.300000000000001	0.999856337248 +/- 0.000764397013937
7.4	1.00275615424 +/- 0.000741374687823
7.5	1.00230839838 +/- 0.000787779353876
7.6000000000000005	1.00130062635 +/- 0.00076317782203
7.7	1.00202179731 +/- 0.000784451138902
7.800000000000001	1.00200243793 +/- 0.00087183649718
7.9	1.00251973028 +/- 0.000885683741211
8.0	1.00298257759 +/- 0.000894339519508
8.1	1.00237430064 +/- 0.000982103726642
8.200000000000001	1.00280964347 +/- 0.00100367733988
8.3	1.00306892231 +/- 0.000992759052437
8.4	1.00487810055 +/- 0.000999759938156
8.5	1.00627778471 +/- 0.00112870522696
8.6	1.00850676141 +/- 0.00120176825615
8.700000000000001	1.0077167454 +/- 0.00116136039817
8.8	1.00998199508 +/- 0.00124213882077
8.9	1.01051126922 +/- 0.00146671612377
9.0	1.01642556514 +/- 0.00117603631062
9.1	1.02046635303 +/- 0.00137635851638
9.200000000000001	1.02855853599 +/- 0.00164967849585
9.3	1.0411149003 +/- 0.00170615225434
9.4	1.06109118544 +/- 0.00191447916696
9.5	1.10222646397 +/- 0.00220395879297
9.600000000000001	1.19031934196 +/- 0.0026298930642
9.700000000000001	1.34681276578 +/- 0.00422379760273
9.8	1.59357328712 +/- 0.00519838248332
9.9	1.86591257918 +/- 0.00632806967529
10.0	2.13035473891 +/- 0.00970671795282
10.100000000000001	2.35276515749 +/- 0.0110841415368
10.200000000000001	2.52139639435 +/- 0.0147214094907
10.3	2.62740711377 +/- 0.0177654852115
10.4	2.73506107851 +/- 0.0188256754563
10.5	2.76156470037 +/- 0.017545309508
10.600000000000001	2.79949503655 +/- 0.0236286526071
10.700000000000001	2.86211237205 +/- 0.0264542218544
10.8	2.82159650942 +/- 0.0235645760365
10.9	2.85336415218 +/- 0.027533460151
11.0	2.90654809305 +/- 0.0290067847718
11.100000000000001	2.95095299826 +/- 0.0340033549523
11.200000000000001	2.90247895037 +/- 0.0347429721299
11.3	2.96368970414 +/- 0.0366416700323
11.4	2.89288733441 +/- 0.0424186200088
11.5	2.9603461256 +/- 0.0434247325473
11.600000000000001	2.953539756 +/- 0.0388692687697
11.700000000000001	2.95145733984 +/- 0.0420490097901
11.8	3.02429888323 +/- 0.0440352361125
11.9	2.95833880559 +/- 0.0444802808049
12.0	2.95466944665 +/- 0.0496210601374


# L = 6.0 
# X: T
# Y: Binder Cumulant
0.0	1.0 +/- 0.0
0.1	1.0 +/- 0.0
0.2	1.0 +/- 0.0
0.30000000000000004	1.0 +/- 0.0
0.4	1.0 +/- 0.0
0.5	1.0 +/- 0.0
0.6000000000000001	1.0 +/- 0.0
0.7000000000000001	1.0 +/- 0.0
0.8	1.0 +/- 0.0
0.9	1.0 +/- 0.0
1.0	1.0 +/- 0.0
1.1	1.0 +/- 0.0
1.2000000000000002	0.99999999102 +/- 6.3238453505e-09
1.3	0.999999959592 +/- 1.30275865903e-08
1.4000000000000001	0.999999878776 +/- 2.26148205122e-08
1.5	0.99999961388 +/- 4.70270138626e-08
1.6	1.00000074534 +/- 1.93671409126e-06
1.7000000000000002	1.00000105966 +/- 2.75424584161e-06
1.8	0.999999349053 +/- 3.3482040554e-06
1.9000000000000001	1.00000288282 +/- 5.34705966088e-06
2.0	1.00001135295 +/- 8.69103065008e-06
2.1	0.999993733129 +/- 8.32861900978e-06
2.2	0.999993169282 +/- 1.116613315e-05
2.3000000000000003	1.00001635493 +/- 1.66565937759e-05
2.4000000000000004	1.0000174826 +/- 1.95676527058e-05
2.5	1.00005101812 +/- 2.39984396847e-05
2.6	1.00003325068 +/- 2.73054263918e-05
2.7	0.999981325521 +/- 3.4953029699e-05
2.8000000000000003	1.00004073001 +/- 3.91063083232e-05
2.9000000000000004	1.00004905497 +/- 4.80225579488e-05
3.0	0.999947325721 +/- 5.33448160242e-05
3.1	0.999953841969 +/- 6.83225817168e-05
3.2	1.00012149918 +/- 7.16979853729e-05
3.3000000000000003	1.0000208549 +/- 7.6372034686e-05
3.4000000000000004	1.00009524854 +/- 8.31905693689e-05
3.5	1.00009466762 +/- 0.000102395877289
3.6	1.00014435998 +/- 0.000103532900642
3.7	1.000112387 +/- 9.95101596405e-05
3.8000000000000003	0.999899580922 +/- 0.000109532744331
3.9000000000000004	1.00004519318 +/- 0.00012783519875
4.0	1.00018537488 +/- 0.000154133448909
4.1000000000000005	1.0000188001 +/- 0.000149687730869
4.2	1.00007860359 +/- 0.00017733753808
4.3	0.999759152141 +/- 0.000194362854315
4.4	1.00019990739 +/- 0.000219339628618
4.5	1.0002545443 +/- 0.00019263599289
4.6000000000000005	1.00000196327 +/- 0.000202081669758
4.7	1.00028599852 +/- 0.000236928221673
4.800000000000001	1.00069524245 +/- 0.000243245776931
4.9	1.00027731264 +/- 0.000244246388374
5.0	1.00087706231 +/- 0.000266211227685
5.1000000000000005	1.00047187789 +/- 0.000310115887303
5.2	1.00006671516 +/- 0.000288081848538
5.300000000000001	1.000131908 +/- 0.000310185215766
5.4	1.0010472769 +/- 0.000382379724968
5.5	1.00092530475 +/- 0.000338275396226
5.6000000000000005	1.00031998064 +/- 0.000349329988895
5.7	1.00090814903 +/- 0.00035947020598
5.800000000000001	1.00089286909 +/- 0.000390477849349
5.9	1.0001206802 +/- 0.000340605116061
6.0	1.00035399785 +/- 0.000364613597177
6.1000000000000005	1.00041404664 +/- 0.000473329368999
6.2	1.0001690096 +/- 0.000495606550482
6.300000000000001	1.00037982205 +/- 0.000539083772281
6.4	1.00102813811 +/- 0.00053482939772
6.5	1.00046118206 +/- 0.000527597649859
6.6000000000000005	0.999941999491 +/- 0.000556459013404
6.7	1.00127439124 +/- 0.000637721391809
6.800000000000001	1.00093605883 +/- 0.000622892134408
6.9	1.00271638293 +/- 0.000633363816706
7.0	1.00234811801 +/- 0.00064327671029
7.1000000000000005	1.00202594209 +/- 0.000674703803331
7.2	1.00266923919 +/- 0.000658863169104
7.300000000000001	1.00270454047 +/- 0.000756352175039
7.4	1.00268596501 +/- 0.000680071996012
7.5	1.00321667592 +/- 0.000768817645719
7.6000000000000005	1.00339287716 +/- 0.000865950021296
7.7	1.00497826389 +/- 0.0008070904648
7.800000000000001	1.00539782223 +/- 0.000806499943104
7.9	1.00622558798 +/- 0.000839408647142
8.0	1.00623155737 +/- 0.000928751450587
8.1	1.0062286066 +/- 0.000919729511253
8.200000000000001	1.00984674918 +/- 0.000924257527516
8.3	1.01030158589 +/- 0.000992341353273
8.4	1.0107792185 +/- 0.00105539966657
8.5	1.01197590249 +/- 0.00124679463574
8.6	1.01317143063 +/- 0.00122586310793
8.700000000000001	1.01784077332 +/- 0.00127927686996
8.8	1.02147306335 +/- 0.00136156174296
8.9	1.02772840484 +/- 0.00129580501117
9.0	1.03481131659 +/- 0.00161013203059
9.1	1.04302768786 +/- 0.00177181846145
9.200000000000001	1.06421952399 +/- 0.00179002118506
9.3	1.08453480487 +/- 0.00182894630205
9.4	1.13173937334 +/- 0.00199528693825
9.5	1.19776125062 +/- 0.00233322878938
9.600000000000001	1.2893884163 +/- 0.00303377326566
9.700000000000001	1.41467348018 +/- 0.00375832724703
9.8	1.56925633061 +/- 0.00447453088157
9.9	1.74681547275 +/- 0.00524584661078
10.0	1.91882761595 +/- 0.00575286933715
10.100000000000001	2.08235315176 +/- 0.00794905295442
10.200000000000001	2.23309831455 +/- 0.00897997807884
10.3	2.37590526836 +/- 0.00893080187635
10.4	2.46046789892 +/- 0.0104172785629
10.5	2.53626495451 +/- 0.0127347468019
10.600000000000001	2.62044685657 +/- 0.0139568388449
10.700000000000001	2.67368445437 +/- 0.013921196826
10.8	2.70204631696 +/- 0.01321433032
10.9	2.75291091374 +/- 0.0172827877917
11.0	2.80294061578 +/- 0.018627547263
11.100000000000001	2.81896443012 +/- 0.0219634799134
11.200000000000001	2.84020905873 +/- 0.0190332982147
11.3	2.8785734711 +/- 0.0242250968732
11.4	2.82556339789 +/- 0.0243931647864
11.5	2.8678578155 +/- 0.0263309787822
11.600000000000001	2.88303649472 +/- 0.0256173313969
11.700000000000001	2.89254028056 +/- 0.0280246013869
11.8	2.89758367273 +/- 0.0279393885841
11.9	2.94164993834 +/- 0.0290210949133
12.0	2.89236170442 +/- 0.0242307167214


# L = 12.0 
# X: T
# Y: Binder Cumulant
0.0	1.0 +/- 0.0
0.1	1.0 +/- 0.0
0.2	1.0 +/- 0.0
0.30000000000000004	1.0 +/- 0.0
0.4	1.0 +/- 0.0
0.5	1.0 +/- 0.0
0.6000000000000001	1.0 +/- 0.0
0.7000000000000001	1.0 +/- 0.0
0.8	1.0 +/- 0.0
0.9	1.0 +/- 0.0
1.0	1.0 +/- 0.0
1.1	0.999999999421 +/- 5.78534893553e-10
1.2000000000000002	0.999999992479 +/- 2.14349094975e-09
1.3	0.99999996066 +/- 5.00058738893e-09
1.4000000000000001	0.99999984611 +/- 9.36765438623e-09
1.5	0.999999555685 +/- 1.53188900542e-08
1.6	1.00000075904 +/- 1.99992458867e-06
1.7000000000000002	1.000001116 +/- 2.81815313644e-06
1.8	1.00000147527 +/- 3.94994735263e-06
1.9000000000000001	1.00000086816 +/- 5.16864342295e-06
2.0	0.99999556222 +/- 6.09651494506e-06
2.1	0.999996687255 +/- 8.71828819065e-06
2.2	0.999988737295 +/- 1.05040370997e-05
2.3000000000000003	1.0000222181 +/- 1.63057457164e-05
2.4000000000000004	1.00000622957 +/- 2.0659837566e-05
2.5	0.999980460774 +/- 2.37597684626e-05
2.6	1.0000594493 +/- 2.7743501233e-05
2.7	0.999983279543 +/- 3.25390160149e-05
2.8000000000000003	1.00004114249 +/- 3.851616983e-05
2.9000000000000004	1.00001361525 +/- 3.96537852741e-05
3.0	0.999996618439 +/- 4.94191940809e-05
3.1	0.999989541377 +/- 5.3890697904e-05
3.2	0.999907760989 +/- 6.29706781561e-05
3.3000000000000003	1.0000287466 +/- 7.81999856956e-05
3.4000000000000004	1.0000122067 +/- 8.73392453055e-05
3.5	1.00014582439 +/- 8.52963571394e-05
3.6	0.99986142368 +/- 0.000106835463172
3.7	0.999873478132 +/- 0.000107079938107
3.8000000000000003	1.00002700647 +/- 0.000113687270523
3.9000000000000004	1.00009988557 +/- 0.000131694462562
4.0	1.00027546458 +/- 0.000143569736614
4.1000000000000005	0.999747129167 +/- 0.000167494502411
4.2	0.999871100939 +/- 0.000154770270672
4.3	1.00014967831 +/- 0.000167892302085
4.4	0.999838742853 +/- 0.000196770016493
4.5	0.999886755142 +/- 0.000212952062845
4.6000000000000005	0.999852228046 +/- 0.00020585426923
4.7	0.999841396698 +/- 0.000238936229019
4.800000000000001	1.00033552702 +/- 0.000238529419061
4.9	1.00024868966 +/- 0.000247668735328
5.0	1.0000193599 +/- 0.000281037397434
5.1000000000000005	1.00017551051 +/- 0.000280772318281
5.2	0.999787277164 +/- 0.000334795859941
5.300000000000001	1.0000349679 +/- 0.000360383314479
5.4	0.999882779818 +/- 0.000325977046291
5.5	0.999780913415 +/- 0.000386255388451
5.6000000000000005	1.00019057298 +/- 0.00038001571652
5.7	0.999702825711 +/- 0.000342426133017
5.800000000000001	0.999694214147 +/- 0.000388864816087
5.9	1.00004265747 +/- 0.000402427217088
6.0	0.999963969825 +/- 0.000457090089729
6.1000000000000005	0.999668103471 +/- 0.000463391723271
6.2	1.00133172919 +/- 0.000542682606712
6.300000000000001	1.00052445964 +/- 0.000524330830205
6.4	0.999730886532 +/- 0.000535407745562
6.5	0.999678972122 +/- 0.00060804723532
6.6000000000000005	1.00053328894 +/- 0.000603682709594
6.7	1.00013170476 +/- 0.000576874381026
6.800000000000001	0.998947619181 +/- 0.000622754577843
6.9	1.00004711274 +/- 0.000634909687454
7.0	1.00068406799 +/- 0.000629081793366
7.1000000000000005	0.99914300931 +/- 0.000704334900443
7.2	0.99908344815 +/- 0.000737845266701
7.300000000000001	1.00220489949 +/- 0.000716277866546
7.4	1.00161771643 +/- 0.000852237782078
7.5	0.999878167474 +/- 0.000860753175887
7.6000000000000005	1.00046836033 +/- 0.00081146765935
7.7	1.00118789607 +/- 0.000866501167083
7.800000000000001	0.999357133905 +/- 0.000821861081527
7.9	1.0041218151 +/- 0.000898559366677
8.0	1.00043064961 +/- 0.000916062749816
8.1	1.00233930386 +/- 0.00101313884577
8.200000000000001	1.00075882202 +/- 0.00104132335572
8.3	1.00217345621 +/- 0.00101061558964
8.4	1.00313866995 +/- 0.000994131433203
8.5	1.00293845501 +/- 0.00116277856963
8.6	1.00324496148 +/- 0.00120675141711
8.700000000000001	1.00258365475 +/- 0.00112648765771
8.8	1.00434745282 +/- 0.00137228500293
8.9	1.00261458007 +/- 0.00138527311912
9.0	1.00475197628 +/- 0.00159690043101
9.1	1.0079616874 +/- 0.00168890034956
9.200000000000001	1.00988338781 +/- 0.00168238040437
9.3	1.01151635352 +/- 0.00168557408491
9.4	1.02052781157 +/- 0.00195928691217
9.5	1.03109810663 +/- 0.0021075664875
9.600000000000001	1.07094764128 +/- 0.0023367898191
9.700000000000001	1.20845496843 +/- 0.00376009448357
9.8	1.60338748288 +/- 0.00650998196666
9.9	2.12606820698 +/- 0.0121941019896
10.0	2.5130363645 +/- 0.0152770161161
10.100000000000001	2.70854652594 +/- 0.0224641150826
10.200000000000001	2.77589245403 +/- 0.0245275234712
10.3	2.89354519464 +/- 0.0279565405445
10.4	2.82032473754 +/- 0.0303493216857
10.5	2.89614026279 +/- 0.0429454811913
10.600000000000001	2.91465374381 +/- 0.0394174373564
10.700000000000001	2.99222383521 +/- 0.0475734522784
10.8	2.93519299315 +/- 0.0537342179862
10.9	3.02766360881 +/- 0.0608449607617
11.0	2.84897148277 +/- 0.0568832493888
11.100000000000001	2.94758999448 +/- 0.0594785370585
11.200000000000001	2.9200485863 +/- 0.073234720274
11.3	2.96055624139 +/- 0.0685448517375
11.4	2.92068976288 +/- 0.0683931043967
11.5	3.12156325634 +/- 0.0841629728343
11.600000000000001	3.03949728168 +/- 0.0904254144111
11.700000000000001	2.93166820252 +/- 0.0869866171931
11.8	3.0614415429 +/- 0.0928595414092
11.9	2.97717705304 +/- 0.0914102299424
12.0	2.97247924523 +/- 0.0850238891239


