# L = 8.0 
# X: T
# Y: Binder Cumulant
0.0	1.0 +/- 0.0
0.1	1.0 +/- 0.0
0.2	1.0 +/- 0.0
0.3	1.0 +/- 0.0
0.4	1.0 +/- 0.0
0.5	1.0 +/- 0.0
0.6	1.0 +/- 0.0
0.7	0.999999871687 +/- 7.31499146766e-08
0.8	0.999998874048 +/- 2.11482308174e-07
0.9	0.99999572578 +/- 1.41788891535e-06
1.0	0.999996137944 +/- 4.66609514674e-06
1.1	1.00001463938 +/- 1.04995583523e-05
1.2	1.00002217186 +/- 1.43300079412e-05
1.3	1.00001548605 +/- 2.29058674373e-05
1.4	0.999982962219 +/- 3.13549243865e-05
1.5	1.00008985087 +/- 4.35846654632e-05
1.6	1.00020455028 +/- 6.18048367372e-05
1.7	1.00023163773 +/- 8.31167493843e-05
1.8	1.00036426234 +/- 9.17875122428e-05
1.9	1.00056632111 +/- 0.000112847300484
2.0	1.00078203245 +/- 0.000133449268351
2.1	1.00102112692 +/- 0.000155489028636
2.2	1.00151445319 +/- 0.000203407457037
2.3	1.00193878548 +/- 0.000217973845215
2.4	1.00295382805 +/- 0.00026879896778
2.5	1.00359204464 +/- 0.000268588989816
2.6	1.00541627966 +/- 0.000339468175265
2.7	1.00736911027 +/- 0.000315075582948
2.8	1.01014804226 +/- 0.000357774313603
2.9	1.01256922439 +/- 0.000419341866491
3.0	1.01857802615 +/- 0.000449161242617
3.1	1.0251991985 +/- 0.000514417805639
3.2	1.03580280359 +/- 0.000524764889474
3.3	1.05046314042 +/- 0.000611885311742
3.4	1.07147182322 +/- 0.000674719342851
3.5	1.09971541753 +/- 0.000768509676877
3.6	1.13957900914 +/- 0.000814306208634
3.7	1.18930110721 +/- 0.00113036558061
3.8	1.25635344025 +/- 0.00114014090667
3.9	1.33076562092 +/- 0.00160266797085
4.0	1.41577885035 +/- 0.0017530570175
4.1	1.50773317975 +/- 0.00158693673511
4.2	1.60245052855 +/- 0.00198029465016
4.3	1.70491096365 +/- 0.0023837593305
4.4	1.80220383507 +/- 0.00252028047775
4.5	1.89416002987 +/- 0.00260446592432
4.6	1.99303098807 +/- 0.00261034461096
4.7	2.07048449746 +/- 0.00309182798441
4.8	2.1470952122 +/- 0.003767710055
4.9	2.21655522974 +/- 0.00378328551358
5.0	2.27868057353 +/- 0.00405454140442
5.1	2.33111205772 +/- 0.00451164927225
5.2	2.3870849151 +/- 0.00529820018234
5.3	2.43948188013 +/- 0.00507073797037
5.4	2.46507519302 +/- 0.00550717123608
5.5	2.50883715046 +/- 0.00568414372571
5.6	2.54722271873 +/- 0.00711770695458
5.7	2.57029848381 +/- 0.00659372113951
5.8	2.59454881652 +/- 0.00752796033518
5.9	2.61259846609 +/- 0.0069103372889
6.0	2.62604857541 +/- 0.00784239610643


# L = 16.0 
# X: T
# Y: Binder Cumulant
0.0	1.0 +/- 0.0
0.1	1.0 +/- 0.0
0.2	1.0 +/- 0.0
0.3	1.0 +/- 0.0
0.4	1.0 +/- 0.0
0.5	1.0 +/- 0.0
0.6	0.99999998567 +/- 1.4329827335e-08
0.7	0.999999825355 +/- 5.43933213124e-08
0.8	1.00000253855 +/- 2.67274353292e-06
0.9	1.00000729092 +/- 4.95669389055e-06
1.0	1.0000131563 +/- 9.16429603352e-06
1.1	0.99999093925 +/- 1.05076613649e-05
1.2	0.999991167248 +/- 1.67401057143e-05
1.3	0.999986939176 +/- 2.74776150586e-05
1.4	0.999948706261 +/- 3.35651929725e-05
1.5	1.00006819874 +/- 5.12496821767e-05
1.6	1.00006888628 +/- 5.82818412571e-05
1.7	1.00002492549 +/- 8.00487229869e-05
1.8	1.00006810188 +/- 8.42704051813e-05
1.9	1.00022689487 +/- 0.000116604729716
2.0	1.00011653349 +/- 0.000136264837231
2.1	1.00051162602 +/- 0.000183919673545
2.2	1.00053915011 +/- 0.000197169120471
2.3	1.0004037224 +/- 0.000219621006836
2.4	1.00090123744 +/- 0.00025912144312
2.5	1.00124557891 +/- 0.000308217096733
2.6	1.00129554632 +/- 0.000312628012508
2.7	1.00173856622 +/- 0.000362782576648
2.8	1.00224202267 +/- 0.000416377706924
2.9	1.0046387842 +/- 0.000398077363259
3.0	1.00519252049 +/- 0.00051190457954
3.1	1.00824267647 +/- 0.000468937398937
3.2	1.01232988957 +/- 0.000574722081588
3.3	1.02032455268 +/- 0.00068842617925
3.4	1.0349728462 +/- 0.000667108706636
3.5	1.06696949533 +/- 0.000999729493452
3.6	1.12665791449 +/- 0.00123670860124
3.7	1.23104833086 +/- 0.00167071230886
3.8	1.39302592629 +/- 0.00178057909604
3.9	1.59790436249 +/- 0.0027058585112
4.0	1.81809019487 +/- 0.00356493516634
4.1	2.03082531431 +/- 0.00441104555215
4.2	2.21973149087 +/- 0.00590325895687
4.3	2.37126573499 +/- 0.00543112895006
4.4	2.4895812285 +/- 0.00807062454547
4.5	2.55317535621 +/- 0.00977784995387
4.6	2.63547612114 +/- 0.00986551160354
4.7	2.69908776137 +/- 0.0109164727762
4.8	2.73096151483 +/- 0.01235210887
4.9	2.77699306232 +/- 0.0141285461485
5.0	2.8141097001 +/- 0.0147782531845
5.1	2.80519496387 +/- 0.0159035317683
5.2	2.8289827389 +/- 0.0165919960297
5.3	2.85744478477 +/- 0.0182744863225
5.4	2.88838816915 +/- 0.0193214286854
5.5	2.86913071418 +/- 0.0197764228503
5.6	2.86874448437 +/- 0.0198239628827
5.7	2.86229265268 +/- 0.0213184506862
5.8	2.90805632362 +/- 0.0216782121529
5.9	2.88284727592 +/- 0.0226888613136
6.0	2.91005591806 +/- 0.0256686615418


# L = 24.0 
# X: T
# Y: Binder Cumulant
0.0	1.0 +/- 0.0
0.1	1.0 +/- 0.0
0.2	1.0 +/- 0.0
0.3	1.0 +/- 0.0
0.4	1.0 +/- 0.0
0.5	1.0 +/- 0.0
0.6	0.999999987094 +/- 9.05445792814e-09
0.7	0.999999834762 +/- 2.98715184073e-08
0.8	1.00000061655 +/- 1.84458292072e-06
0.9	0.999997726335 +/- 2.63910364064e-06
1.0	1.00000394138 +/- 7.56524936387e-06
1.1	1.00000899614 +/- 1.11239085783e-05
1.2	1.00001751937 +/- 2.03544668496e-05
1.3	0.999994312861 +/- 2.95164956443e-05
1.4	0.999977072709 +/- 3.89088051525e-05
1.5	1.00001434694 +/- 5.68209185853e-05
1.6	1.00003074414 +/- 6.98838748329e-05
1.7	1.00007629542 +/- 8.52884191563e-05
1.8	0.999990185852 +/- 0.000102130318397
1.9	0.999979612139 +/- 0.00012700609881
2.0	1.00014376302 +/- 0.000136484244964
2.1	1.00028274201 +/- 0.000175147615727
2.2	0.999995930871 +/- 0.00018525926624
2.3	0.9998668737 +/- 0.000256607118908
2.4	0.99996874636 +/- 0.000194385996578
2.5	0.999764712092 +/- 0.000343550119336
2.6	1.00076237102 +/- 0.00029180033702
2.7	1.00098082523 +/- 0.000395482199078
2.8	1.0010927334 +/- 0.000328116787141
2.9	1.0018738325 +/- 0.000396151055781
3.0	1.00234134759 +/- 0.000542956263896
3.1	1.00487902681 +/- 0.000479290662389
3.2	1.00700936095 +/- 0.000498804181392
3.3	1.01019528632 +/- 0.000613739157022
3.4	1.01997050915 +/- 0.000772892933267
3.5	1.04441934899 +/- 0.0010684572029
3.6	1.11124165854 +/- 0.00122712491027
3.7	1.27216197857 +/- 0.0016954801139
3.8	1.56320306417 +/- 0.00274185749633
3.9	1.91755992545 +/- 0.00423688155913
4.0	2.22121259684 +/- 0.00632927764209
4.1	2.43937852685 +/- 0.00758574025683
4.2	2.59157700628 +/- 0.0100382113791
4.3	2.683030095 +/- 0.0123494797287
4.4	2.75109676894 +/- 0.0138507523351
4.5	2.79043189786 +/- 0.0156005124274
4.6	2.85235811671 +/- 0.0179224847877
4.7	2.85691887276 +/- 0.0253241547893
4.8	2.91472098629 +/- 0.024105057048
4.9	2.89109862164 +/- 0.0243532578669
5.0	2.90239438495 +/- 0.0253946032511
5.1	2.89655560404 +/- 0.027744954822
5.2	2.93790369731 +/- 0.0366884428139
5.3	2.96386767147 +/- 0.0297133605975
5.4	2.93613571692 +/- 0.037150244514
5.5	3.01605654895 +/- 0.0385134542715
5.6	3.03370976059 +/- 0.0366135313026
5.7	2.93975027263 +/- 0.0417431600973
5.8	2.98083960482 +/- 0.0442357051234
5.9	2.93352288973 +/- 0.0418117281538
6.0	2.93329549424 +/- 0.036149806431


# L = 32.0 
# X: T
# Y: Binder Cumulant
0.0	1.0 +/- 0.0
0.1	1.0 +/- 0.0
0.2	1.0 +/- 0.0
0.3	1.0 +/- 0.0
0.4	1.0 +/- 0.0
0.5	1.0 +/- 0.0
0.6	0.999999996238 +/- 3.76227642522e-09
0.7	0.999999887132 +/- 1.95754144601e-08
0.8	1.00000066595 +/- 1.93767827475e-06
0.9	0.999995579342 +/- 1.94171604193e-06
1.0	1.00000634943 +/- 8.33122257906e-06
1.1	1.00001866765 +/- 1.4154199618e-05
1.2	1.00004138289 +/- 2.14175060377e-05
1.3	1.0000054293 +/- 2.78105460028e-05
1.4	1.00004964726 +/- 3.70657601097e-05
1.5	0.999971048275 +/- 5.41868115788e-05
1.6	1.00003725072 +/- 6.03635471413e-05
1.7	0.999830088315 +/- 8.26310787655e-05
1.8	0.999923875432 +/- 0.00010461582211
1.9	1.0000835632 +/- 0.000111214647298
2.0	1.00024967951 +/- 0.000145182515758
2.1	1.00014351404 +/- 0.000156027163515
2.2	1.00011202736 +/- 0.000202325692316
2.3	1.00002409474 +/- 0.000236594128072
2.4	1.0001502333 +/- 0.000253311945997
2.5	0.999737276834 +/- 0.000319991004726
2.6	1.00006359683 +/- 0.000339263899121
2.7	1.00011722854 +/- 0.000385051302346
2.8	1.00043500896 +/- 0.000394413078833
2.9	1.00095376566 +/- 0.000478705679693
3.0	1.00162301385 +/- 0.000510031269797
3.1	1.00265605229 +/- 0.000606220761655
3.2	1.00464397939 +/- 0.000695725597658
3.3	1.00601393727 +/- 0.000686199207909
3.4	1.01299718176 +/- 0.00084036823178
3.5	1.03399889207 +/- 0.00111458885537
3.6	1.10013023756 +/- 0.00143722402613
3.7	1.3244780539 +/- 0.00215804195485
3.8	1.75089805746 +/- 0.00369481393219
3.9	2.19076353152 +/- 0.0053308282378
4.0	2.48954521436 +/- 0.00886576764547
4.1	2.66298476123 +/- 0.0121456335613
4.2	2.76300101701 +/- 0.0162054291981
4.3	2.79341562953 +/- 0.0196203256122
4.4	2.87020142435 +/- 0.0243136532867
4.5	2.87251936698 +/- 0.0227881841614
4.6	2.96961964233 +/- 0.0263003546706
4.7	2.92158896976 +/- 0.0345567880815
4.8	2.94105055953 +/- 0.0297096863684
4.9	2.93449516516 +/- 0.0374976216183
5.0	2.94856155398 +/- 0.0364701010687
5.1	2.98549691548 +/- 0.0333448726376
5.2	2.9671797228 +/- 0.0482436594533
5.3	2.99996539455 +/- 0.0459218903692
5.4	2.97138775982 +/- 0.0515914247158
5.5	2.95341845069 +/- 0.0454720890309
5.6	3.05646034286 +/- 0.0479380875711
5.7	3.03381919454 +/- 0.0566001058361
5.8	3.06441014536 +/- 0.069448645941
5.9	2.96558527032 +/- 0.0483068490807
6.0	2.93121402868 +/- 0.0565716811538


# L = 40.0 
# X: T
# Y: Binder Cumulant
0.0	1.0 +/- 0.0
0.1	1.0 +/- 0.0
0.2	1.0 +/- 0.0
0.3	1.0 +/- 0.0
0.4	1.0 +/- 0.0
0.5	1.0 +/- 0.0
0.6	0.999999992703 +/- 4.17868340335e-09
0.7	0.99999987109 +/- 1.86825397054e-08
0.8	0.999998783869 +/- 5.62203016029e-08
0.9	0.999997468112 +/- 2.7650358448e-06
1.0	1.000008965 +/- 7.55923447797e-06
1.1	1.000011092 +/- 1.3732733155e-05
1.2	1.00000124589 +/- 1.92288006233e-05
1.3	1.00003407995 +/- 2.8477845674e-05
1.4	0.999966123994 +/- 3.43003111656e-05
1.5	0.999941946546 +/- 4.89078951676e-05
1.6	1.00008122557 +/- 6.73139279546e-05
1.7	1.00001403591 +/- 9.21944400121e-05
1.8	0.999890357241 +/- 0.000107603077706
1.9	1.0000952465 +/- 0.000136700492649
2.0	1.00019839034 +/- 0.000130635668684
2.1	1.00019432565 +/- 0.000167004584445
2.2	0.999996236911 +/- 0.000195882829348
2.3	1.00020400957 +/- 0.000251095620089
2.4	0.999977720251 +/- 0.000280994320982
2.5	0.999842366504 +/- 0.00030199288887
2.6	0.999989614016 +/- 0.000319612853363
2.7	1.00090128852 +/- 0.00041039214422
2.8	1.00082126573 +/- 0.000424955402452
2.9	1.00059966839 +/- 0.000410537097751
3.0	1.00064248315 +/- 0.000516035957893
3.1	1.00016201214 +/- 0.000608673564718
3.2	1.00342713823 +/- 0.000604607200678
3.3	1.00393412057 +/- 0.000766110769268
3.4	1.00906198965 +/- 0.000826450197745
3.5	1.02174490916 +/- 0.000932521249578
3.6	1.0861655039 +/- 0.00138117669633
3.7	1.37711337371 +/- 0.00248109979616
3.8	1.94818294385 +/- 0.00549438044775
3.9	2.42348726402 +/- 0.00897373323411
4.0	2.64785212446 +/- 0.0120688311409
4.1	2.81256840012 +/- 0.0215994547408
4.2	2.8955104352 +/- 0.020396094202
4.3	2.86157827542 +/- 0.0270962953182
4.4	2.89560157341 +/- 0.0306193604593
4.5	2.91311084639 +/- 0.03370849294
4.6	2.94318833347 +/- 0.0422757880063
4.7	2.91169163107 +/- 0.0463633883591
4.8	3.01386988732 +/- 0.0403861126865
4.9	2.93507768905 +/- 0.0427294585169
5.0	2.9853873427 +/- 0.0460591492238
5.1	3.02404144337 +/- 0.0480359480731
5.2	3.03529627346 +/- 0.0584099677674
5.3	2.94471468938 +/- 0.0526570237038
5.4	3.08242749669 +/- 0.0783312131721
5.5	3.12507506394 +/- 0.0643631282619
5.6	2.93838211928 +/- 0.0593098919528
5.7	3.00403447428 +/- 0.0675290790804
5.8	3.01937509027 +/- 0.0808726489299
5.9	2.94935601669 +/- 0.0703045085826
6.0	2.97843004497 +/- 0.0761528891698


