# L = 8.0 
# X: T
# Y: |Magnetization|
3.59	0.788180749017 +/- 0.00031289253289
3.591	0.788274756407 +/- 0.000336362669687
3.592	0.788020764459 +/- 0.000283926598629
3.593	0.787655433411 +/- 0.000309014707921
3.594	0.787074240917 +/- 0.000309350756228
3.595	0.785821639157 +/- 0.000315882875547
3.596	0.786036187867 +/- 0.000297932489077
3.597	0.785457709742 +/- 0.000300382013865
3.598	0.78514960349 +/- 0.000263176765694
3.599	0.785221099126 +/- 0.000319875637129
3.6	0.784365125765 +/- 0.000330535627988
3.601	0.784739323478 +/- 0.000279636449608
3.602	0.784296229381 +/- 0.000305655380574
3.603	0.783745456156 +/- 0.000310519872142
3.604	0.783098512644 +/- 0.000349624566552
3.605	0.782530276704 +/- 0.000292434568851
3.606	0.782348750738 +/- 0.000288670128761
3.607	0.781135914977 +/- 0.000342993164226
3.608	0.78095582892 +/- 0.000303808550509
3.609	0.781045566375 +/- 0.000321821749012
3.61	0.780915889929 +/- 0.000328382313411
3.611	0.779616734061 +/- 0.000311891008283
3.612	0.780036009438 +/- 0.000282567034369
3.613	0.779135836777 +/- 0.000299594729469
3.614	0.77922099703 +/- 0.000320777184314
3.615	0.777908850992 +/- 0.000337772918386
3.616	0.778289335258 +/- 0.000328620193042
3.617	0.777654511865 +/- 0.00029527260969
3.618	0.777543177506 +/- 0.000293088363743
3.619	0.776669672161 +/- 0.000321642375325
3.62	0.775735667899 +/- 0.000297066387824
3.621	0.776222149805 +/- 0.00035525276707
3.622	0.775310582872 +/- 0.000311321133829
3.623	0.774476800875 +/- 0.000321756154331
3.624	0.774546075995 +/- 0.000347075833604
3.625	0.774140778872 +/- 0.000276153281259
3.626	0.77397929668 +/- 0.000323862419466
3.627	0.7741493002 +/- 0.000304203964657
3.628	0.77309457692 +/- 0.000298767774535
3.629	0.772770224903 +/- 0.000298579320669
3.63	0.771713459124 +/- 0.000282188941633
3.631	0.772226152684 +/- 0.00029914763931
3.632	0.771511234521 +/- 0.000316159531754
3.633	0.770293948325 +/- 0.00033832426658
3.634	0.770823475744 +/- 0.000328995610471
3.635	0.769633228362 +/- 0.000319859936092
3.636	0.770605755132 +/- 0.000336311176279
3.637	0.769612114058 +/- 0.00031233897514
3.638	0.768459793015 +/- 0.000330064515919
3.639	0.768293161701 +/- 0.00031657125689
3.64	0.768287309779 +/- 0.000307584692795
3.641	0.766999946088 +/- 0.000345587026529
3.642	0.767019624141 +/- 0.000321831114409
3.643	0.767088545673 +/- 0.000337831803404
3.644	0.766107767991 +/- 0.000322595218253
3.645	0.765931893828 +/- 0.000325780973354
3.646	0.764692878164 +/- 0.000301491304489
3.647	0.765314690771 +/- 0.0003083913279
3.648	0.764689509356 +/- 0.000336183954139
3.649	0.764295739571 +/- 0.000324855731165
3.65	0.763798449769 +/- 0.000308989951343


# L = 16.0 
# X: T
# Y: |Magnetization|
3.59	0.743694816377 +/- 0.00030045197254
3.591	0.742717219033 +/- 0.000319314338012
3.592	0.742305217594 +/- 0.000317551947745
3.593	0.741651903777 +/- 0.000288931253076
3.594	0.740735582341 +/- 0.000347119271211
3.595	0.740421631678 +/- 0.000326957447372
3.596	0.739119589255 +/- 0.000315663662019
3.597	0.738272189529 +/- 0.000339170954692
3.598	0.73769864203 +/- 0.000315943759849
3.599	0.736838806801 +/- 0.000334884161143
3.6	0.73668990095 +/- 0.000315696015414
3.601	0.735981499693 +/- 0.000344994866165
3.602	0.734837529822 +/- 0.000294277142576
3.603	0.734821352628 +/- 0.000330715882759
3.604	0.733622428362 +/- 0.000323188109967
3.605	0.732866473854 +/- 0.000359650987892
3.606	0.732004844129 +/- 0.000406768606163
3.607	0.731047645344 +/- 0.000342716900463
3.608	0.730284940041 +/- 0.000356492031467
3.609	0.7298936671 +/- 0.000351818464647
3.61	0.728417019486 +/- 0.000357478873123
3.611	0.727823216188 +/- 0.000359068172543
3.612	0.727410217577 +/- 0.000355639039508
3.613	0.726906587377 +/- 0.000343261485551
3.614	0.725942379266 +/- 0.000335586185872
3.615	0.725020009333 +/- 0.000337942630055
3.616	0.72468301535 +/- 0.000376783106341
3.617	0.723475686009 +/- 0.000381561491337
3.618	0.723551930292 +/- 0.000362273188703
3.619	0.721946469467 +/- 0.000399249121967
3.62	0.720516405334 +/- 0.000336433544988
3.621	0.720652341682 +/- 0.000397719226815
3.622	0.719482788672 +/- 0.000378413331625
3.623	0.718075274704 +/- 0.000384595322592
3.624	0.717717580587 +/- 0.000381263947769
3.625	0.71707308548 +/- 0.000389686750477
3.626	0.715950341462 +/- 0.000384495025408
3.627	0.715099883232 +/- 0.000376445522627
3.628	0.713897237203 +/- 0.000394353374725
3.629	0.714031291471 +/- 0.000419519824043
3.63	0.712438651358 +/- 0.000354416783937
3.631	0.712715290426 +/- 0.000366205881644
3.632	0.711222060472 +/- 0.000413014488413
3.633	0.710325039926 +/- 0.000373946760056
3.634	0.709752188165 +/- 0.00040200355144
3.635	0.708285990691 +/- 0.000395607458471
3.636	0.708101025849 +/- 0.000380581577375
3.637	0.706571813533 +/- 0.000404974017679
3.638	0.70606346802 +/- 0.000395403014623
3.639	0.704847488195 +/- 0.000411633343542
3.64	0.704335564589 +/- 0.000381058960471
3.641	0.704548620385 +/- 0.000386685749982
3.642	0.703404164521 +/- 0.000379475425439
3.643	0.702112642112 +/- 0.000374247371187
3.644	0.701573353318 +/- 0.000434304928691
3.645	0.701098421383 +/- 0.000373982978104
3.646	0.699827998468 +/- 0.000414819818602
3.647	0.698350154793 +/- 0.000389892095649
3.648	0.697294682726 +/- 0.000412406307127
3.649	0.69732249014 +/- 0.000398526086203
3.65	0.696234125411 +/- 0.000427509263571


# L = 24.0 
# X: T
# Y: |Magnetization|
3.59	0.725158787926 +/- 0.000353621901722
3.591	0.724252620912 +/- 0.000303544276558
3.592	0.723081427251 +/- 0.000312215204551
3.593	0.722084091334 +/- 0.000316889437019
3.594	0.721196434385 +/- 0.000301499152277
3.595	0.719741699638 +/- 0.000330169242441
3.596	0.718901289891 +/- 0.000367770916659
3.597	0.718016452391 +/- 0.000311940792
3.598	0.717440361487 +/- 0.000327634192242
3.599	0.715936354003 +/- 0.000323594641663
3.6	0.714844394592 +/- 0.000329334523194
3.601	0.713831692671 +/- 0.000322415263715
3.602	0.713246001398 +/- 0.000334324618625
3.603	0.712454244955 +/- 0.000330656254381
3.604	0.710633217677 +/- 0.000332011193229
3.605	0.709831805502 +/- 0.000332604493835
3.606	0.70911344425 +/- 0.000386331747268
3.607	0.707682363828 +/- 0.000321828462683
3.608	0.706299277627 +/- 0.000341805978116
3.609	0.705724987729 +/- 0.000373479047484
3.61	0.704527989906 +/- 0.000375423736641
3.611	0.703612837207 +/- 0.000358462586764
3.612	0.702049230712 +/- 0.00039199421421
3.613	0.701038673027 +/- 0.000349967233506
3.614	0.700190593964 +/- 0.000406305122951
3.615	0.699211804396 +/- 0.000341793649992
3.616	0.698268148125 +/- 0.000401335738139
3.617	0.696940817937 +/- 0.000377028634787
3.618	0.695966973256 +/- 0.000390973158962
3.619	0.69499593868 +/- 0.000421686985066
3.62	0.693654375697 +/- 0.000337155194844
3.621	0.692406898678 +/- 0.000427701063496
3.622	0.691727024528 +/- 0.000381686087125
3.623	0.689706860665 +/- 0.000411910025833
3.624	0.689421693041 +/- 0.000341839999164
3.625	0.687847706545 +/- 0.00041013655529
3.626	0.687171759657 +/- 0.000330545073381
3.627	0.68551722518 +/- 0.000405814374776
3.628	0.684676523769 +/- 0.000407940969147
3.629	0.683534877167 +/- 0.000384789467153
3.63	0.682857215352 +/- 0.000358443299575
3.631	0.681313440441 +/- 0.000387413721766
3.632	0.679811496621 +/- 0.000365654571239
3.633	0.678818218655 +/- 0.000358607345472
3.634	0.677323478172 +/- 0.00044503323933
3.635	0.676074059315 +/- 0.000421606136878
3.636	0.674713823896 +/- 0.000377445673961
3.637	0.674094417051 +/- 0.000379952368799
3.638	0.672009924178 +/- 0.000390255278185
3.639	0.67132483691 +/- 0.000401140881726
3.64	0.671021007068 +/- 0.000362995854711
3.641	0.669032390268 +/- 0.000360712519788
3.642	0.667894303464 +/- 0.000384810296263
3.643	0.666221668488 +/- 0.000385131573472
3.644	0.665888054027 +/- 0.000411228765675
3.645	0.664024805734 +/- 0.000427931681612
3.646	0.66263431802 +/- 0.00040859388446
3.647	0.662855289609 +/- 0.000422445103004
3.648	0.660840651447 +/- 0.000407565875809
3.649	0.659067472603 +/- 0.000401362193191
3.65	0.657894886052 +/- 0.000422205299523


# L = 32.0 
# X: T
# Y: |Magnetization|
3.59	0.715440891024 +/- 0.000297291727239
3.591	0.714518584136 +/- 0.000291199260461
3.592	0.712790237953 +/- 0.00031992872314
3.593	0.712367851348 +/- 0.000296793203636
3.594	0.710300139671 +/- 0.000321846917143
3.595	0.709520171349 +/- 0.000292712586082
3.596	0.708890974378 +/- 0.00032655360405
3.597	0.707864839932 +/- 0.000309309943205
3.598	0.705662612307 +/- 0.000317115082753
3.599	0.704932886218 +/- 0.00029621058437
3.6	0.703292740569 +/- 0.000337973174471
3.601	0.702098188945 +/- 0.000329887212497
3.602	0.701819958299 +/- 0.000333698844209
3.603	0.699489497907 +/- 0.000353412155852
3.604	0.698471556977 +/- 0.000352490855584
3.605	0.697719218523 +/- 0.000341839624749
3.606	0.695514106884 +/- 0.000337683387417
3.607	0.694319037189 +/- 0.000339865165368
3.608	0.69354036975 +/- 0.000333007604272
3.609	0.691898282895 +/- 0.000365645520724
3.61	0.69104591722 +/- 0.000327918816099
3.611	0.690168632391 +/- 0.000371726598865
3.612	0.688331994272 +/- 0.000377371383985
3.613	0.686504186723 +/- 0.000331213533747
3.614	0.684915450501 +/- 0.000327073117418
3.615	0.683646407442 +/- 0.000344215691431
3.616	0.682141898084 +/- 0.000343294417333
3.617	0.680938352762 +/- 0.00036358487908
3.618	0.680032986802 +/- 0.000360767887888
3.619	0.678218652645 +/- 0.000367928509537
3.62	0.676724529378 +/- 0.000354604644571
3.621	0.675987848978 +/- 0.000356211000829
3.622	0.673858902281 +/- 0.000370903510891
3.623	0.672968665921 +/- 0.000360378328384
3.624	0.671553801949 +/- 0.000395696699973
3.625	0.669576076182 +/- 0.000394835162507
3.626	0.668204483672 +/- 0.000403042556687
3.627	0.666746901848 +/- 0.000370685800712
3.628	0.665229918394 +/- 0.000377308070616
3.629	0.663585084913 +/- 0.00039231187589
3.63	0.662228033004 +/- 0.000417261748532
3.631	0.660599593348 +/- 0.000438256292908
3.632	0.659316669416 +/- 0.000410195669172
3.633	0.658143377549 +/- 0.000440686394319
3.634	0.656186113403 +/- 0.000461881782743
3.635	0.654799282598 +/- 0.000440495180975
3.636	0.652911461531 +/- 0.000418571105884
3.637	0.651890366516 +/- 0.000399142210948
3.638	0.649450932086 +/- 0.000440844591544
3.639	0.648840376282 +/- 0.000408893748794
3.64	0.646767934125 +/- 0.000426061012366
3.641	0.645306702537 +/- 0.000439662138352
3.642	0.644103015366 +/- 0.000387836096773
3.643	0.642177231524 +/- 0.000433990007095
3.644	0.641482614425 +/- 0.000401490211444
3.645	0.639533630314 +/- 0.00042576070037
3.646	0.637947019761 +/- 0.000397761507211
3.647	0.635922485083 +/- 0.000447674567709
3.648	0.633347060219 +/- 0.000433269525798
3.649	0.632708048147 +/- 0.0004753629923
3.65	0.630066934831 +/- 0.000443627433059


# L = 40.0 
# X: T
# Y: |Magnetization|
3.59	0.710743035799 +/- 0.000289703676971
3.591	0.708926026842 +/- 0.000284430619656
3.592	0.708186428149 +/- 0.000291293357607
3.593	0.706388720812 +/- 0.000291523280582
3.594	0.704860824547 +/- 0.000279543627642
3.595	0.704260281749 +/- 0.000284483389165
3.596	0.702602041247 +/- 0.000294211864466
3.597	0.700663514305 +/- 0.000298541712136
3.598	0.699537236816 +/- 0.00029419607019
3.599	0.69796729537 +/- 0.000314243421808
3.6	0.696180044729 +/- 0.000335950474441
3.601	0.695200636755 +/- 0.000302051616234
3.602	0.693990724152 +/- 0.000297520165368
3.603	0.692468415205 +/- 0.000302857925121
3.604	0.690893091845 +/- 0.000316295474868
3.605	0.689401852051 +/- 0.000304555358613
3.606	0.688102356719 +/- 0.000342421882399
3.607	0.686620478011 +/- 0.000318760469503
3.608	0.684889572495 +/- 0.000345973176069
3.609	0.683489590142 +/- 0.000326578210049
3.61	0.682084176873 +/- 0.000334513634799
3.611	0.680681700819 +/- 0.000345672238661
3.612	0.678554543767 +/- 0.000377841130365
3.613	0.67702878552 +/- 0.000354459421739
3.614	0.675541752784 +/- 0.000320431382358
3.615	0.673907985693 +/- 0.000344222972347
3.616	0.67204948826 +/- 0.000365813029916
3.617	0.670595485615 +/- 0.00035662663715
3.618	0.668836661886 +/- 0.000361716023543
3.619	0.666909080418 +/- 0.000348163792304
3.62	0.665692474204 +/- 0.000379089710981
3.621	0.663842940259 +/- 0.000371545437702
3.622	0.661979418611 +/- 0.000384197438206
3.623	0.660903977979 +/- 0.000377326311404
3.624	0.659078546059 +/- 0.000366105745612
3.625	0.656731842982 +/- 0.000366198890328
3.626	0.655314741473 +/- 0.000373535106634
3.627	0.653119490458 +/- 0.000423594836762
3.628	0.651719127019 +/- 0.000382541621607
3.629	0.649919971131 +/- 0.000386271586194
3.63	0.647655928656 +/- 0.000404284697199
3.631	0.646277099922 +/- 0.000392700356464
3.632	0.644398611256 +/- 0.000400074536577
3.633	0.643472797077 +/- 0.000414232348801
3.634	0.641184716291 +/- 0.00038972817385
3.635	0.638675462383 +/- 0.000405466584926
3.636	0.636952523533 +/- 0.000413586743988
3.637	0.635355103072 +/- 0.000386418134773
3.638	0.633401794321 +/- 0.000430807643547
3.639	0.63230682138 +/- 0.000419525719814
3.64	0.62967364834 +/- 0.000401307197681
3.641	0.627679649071 +/- 0.000399816742448
3.642	0.625856840714 +/- 0.000428680978605
3.643	0.623712910316 +/- 0.000427745545972
3.644	0.622454887978 +/- 0.000442186853285
3.645	0.619795441883 +/- 0.000480212708826
3.646	0.617439489165 +/- 0.000421582222422
3.647	0.615124276543 +/- 0.00048308486456
3.648	0.61394398263 +/- 0.000485670819889
3.649	0.612078253476 +/- 0.000453621888201
3.65	0.60944455026 +/- 0.000452844978136


