# L = 8.0 
# X: T
# Y: Connected Susceptibility
3.59	0.643458301699 +/- 0.00529811321577
3.591	0.645219207538 +/- 0.0054004449454
3.592	0.638992248977 +/- 0.00511528282778
3.593	0.63422516485 +/- 0.00497653299388
3.594	0.63772649423 +/- 0.00501776403149
3.595	0.650891945872 +/- 0.00555764800636
3.596	0.650621586183 +/- 0.00454571281811
3.597	0.660991578418 +/- 0.00507322145268
3.598	0.655948964086 +/- 0.00499171084199
3.599	0.655596795122 +/- 0.00567327989398
3.6	0.660757633149 +/- 0.00596704148751
3.601	0.649504935658 +/- 0.00427054883417
3.602	0.646436244275 +/- 0.00562963542731
3.603	0.643236686752 +/- 0.00467505866588
3.604	0.658356682188 +/- 0.00540490045005
3.605	0.658189661368 +/- 0.00494075980247
3.606	0.665530606905 +/- 0.00490011345422
3.607	0.673674188086 +/- 0.00566959394348
3.608	0.671144715637 +/- 0.00541267290571
3.609	0.660650655916 +/- 0.0053959152665
3.61	0.661476598934 +/- 0.0047122652361
3.611	0.674778874235 +/- 0.00461429044377
3.612	0.673641314846 +/- 0.00503922655714
3.613	0.671355069095 +/- 0.00575460452659
3.614	0.674744454026 +/- 0.00517272634819
3.615	0.675379262594 +/- 0.00481158769416
3.616	0.67284950865 +/- 0.00549206828597
3.617	0.673926844741 +/- 0.00452264505872
3.618	0.675171269208 +/- 0.00512005302972
3.619	0.675454652829 +/- 0.00533693276834
3.62	0.681314923598 +/- 0.00550061749631
3.621	0.685721300031 +/- 0.00592837422352
3.622	0.691393439905 +/- 0.005437060063
3.623	0.692103727015 +/- 0.00468847497057
3.624	0.688728027532 +/- 0.0047900570649
3.625	0.696420454767 +/- 0.00506892861125
3.626	0.691489656975 +/- 0.00579939629609
3.627	0.687262391645 +/- 0.0052012090831
3.628	0.694938726576 +/- 0.00477952637252
3.629	0.696737069432 +/- 0.00479882660353
3.63	0.693151303986 +/- 0.00513336604814
3.631	0.694038863158 +/- 0.00484859919979
3.632	0.696550703274 +/- 0.00615646702056
3.633	0.703721027326 +/- 0.00460336699299
3.634	0.701387104333 +/- 0.00544806208014
3.635	0.709845439935 +/- 0.00525392804653
3.636	0.69356418192 +/- 0.00557570784907
3.637	0.707713749136 +/- 0.00585200631053
3.638	0.707287673388 +/- 0.00634463294863
3.639	0.707562889745 +/- 0.00422910665111
3.64	0.710195269516 +/- 0.00510471789968
3.641	0.719803474496 +/- 0.00502481184944
3.642	0.71635185268 +/- 0.00451760401247
3.643	0.709573738935 +/- 0.00510965888553
3.644	0.711783382061 +/- 0.00491308632071
3.645	0.707736273005 +/- 0.00600235696103
3.646	0.727604928603 +/- 0.00493591165
3.647	0.721129880579 +/- 0.00543789126066
3.648	0.724570803178 +/- 0.00453254038618
3.649	0.712090819744 +/- 0.00574613853628
3.65	0.716267557656 +/- 0.00448099320026


# L = 16.0 
# X: T
# Y: Connected Susceptibility
3.59	1.95522086651 +/- 0.0236198111919
3.591	1.95259824906 +/- 0.021386191537
3.592	1.91872510986 +/- 0.0188067496923
3.593	1.97136398494 +/- 0.0223488420913
3.594	1.98605583832 +/- 0.0226006822188
3.595	2.01474040104 +/- 0.022518379405
3.596	2.01329249241 +/- 0.0221065835247
3.597	2.00994008473 +/- 0.0198325550225
3.598	2.02299380277 +/- 0.0198986259436
3.599	2.02091890631 +/- 0.0228835915723
3.6	2.01276548906 +/- 0.0234716598209
3.601	1.99392704492 +/- 0.0247440945821
3.602	2.04783937052 +/- 0.0229390790804
3.603	2.00986522078 +/- 0.0228648553616
3.604	2.05638846556 +/- 0.0252151899563
3.605	2.0651058106 +/- 0.0265724834086
3.606	2.090400183 +/- 0.0256045234636
3.607	2.05091989262 +/- 0.0253978924504
3.608	2.09738614678 +/- 0.0241993651496
3.609	2.09237318954 +/- 0.0217701525732
3.61	2.09790539217 +/- 0.0243690244599
3.611	2.13606624065 +/- 0.0255348780491
3.612	2.11744851284 +/- 0.0244689387439
3.613	2.13464589226 +/- 0.0223322996725
3.614	2.11175703155 +/- 0.0237420584063
3.615	2.17667146404 +/- 0.021740507319
3.616	2.15307067106 +/- 0.0228411275051
3.617	2.20852871689 +/- 0.022168404041
3.618	2.14836705082 +/- 0.0256310203382
3.619	2.1650293096 +/- 0.0231032005765
3.62	2.21668882881 +/- 0.0201640494701
3.621	2.20545558112 +/- 0.0240877441197
3.622	2.24256193963 +/- 0.0208114556505
3.623	2.2845395939 +/- 0.0243001535831
3.624	2.24967904856 +/- 0.0226863924626
3.625	2.27773544708 +/- 0.0230794447974
3.626	2.32386554173 +/- 0.025017864268
3.627	2.31809958557 +/- 0.0226396532303
3.628	2.31370515823 +/- 0.0269403273756
3.629	2.35828190498 +/- 0.0233520393733
3.63	2.33127218612 +/- 0.0240487470834
3.631	2.28729702129 +/- 0.0230584228314
3.632	2.34581492911 +/- 0.0234304888355
3.633	2.32772657377 +/- 0.0257029312343
3.634	2.31318875986 +/- 0.0260255045524
3.635	2.39174626162 +/- 0.0222561270432
3.636	2.39486808382 +/- 0.0241566877389
3.637	2.3911700617 +/- 0.0240092646919
3.638	2.40690188984 +/- 0.022876145053
3.639	2.40528740456 +/- 0.0236866963894
3.64	2.4139641625 +/- 0.0246268752987
3.641	2.41694982337 +/- 0.0247843161911
3.642	2.40066993275 +/- 0.0235171944285
3.643	2.41393469624 +/- 0.0223433173611
3.644	2.41466570266 +/- 0.0238600681798
3.645	2.44834684902 +/- 0.0226615971994
3.646	2.45452452366 +/- 0.022644296417
3.647	2.47460539867 +/- 0.0219873742161
3.648	2.49324210275 +/- 0.0242916879682
3.649	2.51126313964 +/- 0.0251974135204
3.65	2.51748945032 +/- 0.0252364470896


# L = 24.0 
# X: T
# Y: Connected Susceptibility
3.59	3.55889231336 +/- 0.0520970014507
3.591	3.43907341942 +/- 0.0487397245249
3.592	3.5717783688 +/- 0.0438386471322
3.593	3.5132736593 +/- 0.0552764906005
3.594	3.55499701661 +/- 0.053719554167
3.595	3.66180065864 +/- 0.052365042492
3.596	3.62104638843 +/- 0.0570114249283
3.597	3.63115617807 +/- 0.0591824296354
3.598	3.63989892997 +/- 0.0596314516516
3.599	3.75618888273 +/- 0.0458417695864
3.6	3.74601715679 +/- 0.0549930981274
3.601	3.77880760418 +/- 0.0526270758646
3.602	3.7609280415 +/- 0.0488468375512
3.603	3.70494555707 +/- 0.0454850410041
3.604	3.81013784412 +/- 0.0466838712275
3.605	3.88553126766 +/- 0.0589476190907
3.606	3.9096293879 +/- 0.0499350114787
3.607	3.92313461946 +/- 0.0494932756407
3.608	3.94069566209 +/- 0.0544377359933
3.609	3.98098595948 +/- 0.0626689084308
3.61	3.9160962636 +/- 0.0511022444465
3.611	4.03032887092 +/- 0.0529784291877
3.612	4.11440097486 +/- 0.0510135400973
3.613	4.07570258531 +/- 0.0460785607758
3.614	4.18618459778 +/- 0.0612642279769
3.615	4.23586048063 +/- 0.0495807116014
3.616	4.16545677496 +/- 0.0474527909748
3.617	4.26081433054 +/- 0.0534867915565
3.618	4.2863921488 +/- 0.0492838908373
3.619	4.35144085189 +/- 0.0429649757349
3.62	4.31393995934 +/- 0.0515039578189
3.621	4.30620242567 +/- 0.0491557886341
3.622	4.38053683088 +/- 0.0479412636161
3.623	4.44949942274 +/- 0.0486397940846
3.624	4.38348233533 +/- 0.0611607048326
3.625	4.4411343227 +/- 0.0584958322633
3.626	4.43635289499 +/- 0.045467164239
3.627	4.52449287464 +/- 0.0519144232224
3.628	4.49346475732 +/- 0.0485547426316
3.629	4.63400113511 +/- 0.0569748547094
3.63	4.54399407508 +/- 0.0471661608808
3.631	4.62692514281 +/- 0.0588053320064
3.632	4.65492380525 +/- 0.0545350565374
3.633	4.62165754061 +/- 0.0467827024541
3.634	4.71889543997 +/- 0.0577162631558
3.635	4.75212424004 +/- 0.0533016779502
3.636	4.74545399603 +/- 0.0456286704354
3.637	4.77939055804 +/- 0.0515513477069
3.638	4.92493354325 +/- 0.0473107047234
3.639	4.94174576991 +/- 0.0479365107148
3.64	4.83788211519 +/- 0.0608327322771
3.641	4.99157705139 +/- 0.0546198875071
3.642	5.01872952948 +/- 0.0528536110822
3.643	5.02925207453 +/- 0.0571955537549
3.644	4.9578562191 +/- 0.0519249742632
3.645	4.91201634833 +/- 0.0532091698431
3.646	5.16492479375 +/- 0.0557543873043
3.647	5.1020627773 +/- 0.0511794480758
3.648	5.06072428107 +/- 0.0527021086912
3.649	5.13211504579 +/- 0.0471459193114
3.65	5.2516171742 +/- 0.0531958661114


# L = 32.0 
# X: T
# Y: Connected Susceptibility
3.59	5.12398184904 +/- 0.0989097738876
3.591	5.07558464463 +/- 0.09251933203
3.592	5.18320760778 +/- 0.0944368293557
3.593	5.09725462238 +/- 0.0944984169319
3.594	5.46449383966 +/- 0.0868383126583
3.595	5.39429513334 +/- 0.106244838726
3.596	5.2352500624 +/- 0.0982851507396
3.597	5.41023053051 +/- 0.101101587149
3.598	5.5944120705 +/- 0.0919703755975
3.599	5.49185225383 +/- 0.089929737721
3.6	5.63668233627 +/- 0.0940160026819
3.601	5.62981490647 +/- 0.0897529053171
3.602	5.70603485864 +/- 0.0893508927201
3.603	5.64060777448 +/- 0.0960409581182
3.604	5.69647615148 +/- 0.0930959661746
3.605	5.79351346193 +/- 0.089196684595
3.606	6.01747556772 +/- 0.0962057725182
3.607	6.0298561132 +/- 0.0916285321264
3.608	5.97320905919 +/- 0.0986949621341
3.609	6.0823583502 +/- 0.0923616961731
3.61	6.21488511195 +/- 0.096899437406
3.611	6.11158508145 +/- 0.0974426967753
3.612	6.3547799194 +/- 0.104298309931
3.613	6.39659177306 +/- 0.0929231758075
3.614	6.42242773314 +/- 0.0929981476834
3.615	6.44596332497 +/- 0.0949786143429
3.616	6.600979711 +/- 0.0826960397328
3.617	6.73716887375 +/- 0.0919885458013
3.618	6.63091885724 +/- 0.0849783978086
3.619	6.98645242392 +/- 0.0952909773884
3.62	6.95975024773 +/- 0.0925872229755
3.621	6.75459802132 +/- 0.0953462875342
3.622	6.9018518797 +/- 0.0856280824665
3.623	7.0226091303 +/- 0.089046609904
3.624	6.93921319887 +/- 0.0873036805159
3.625	6.99616652274 +/- 0.0865460126504
3.626	7.19373927538 +/- 0.0927234566098
3.627	7.0321740089 +/- 0.0979996959156
3.628	7.36614741502 +/- 0.0895857855247
3.629	7.40413089819 +/- 0.0960090116272
3.63	7.47680709797 +/- 0.0944191260377
3.631	7.4955967009 +/- 0.0963899653882
3.632	7.68671101915 +/- 0.0967435455242
3.633	7.563790536 +/- 0.0920546441842
3.634	7.78034218259 +/- 0.092365447528
3.635	7.8907802654 +/- 0.0835975224489
3.636	7.91896658134 +/- 0.0831551373567
3.637	7.91744232702 +/- 0.0914104014886
3.638	8.08454440616 +/- 0.1058077048
3.639	7.84075122735 +/- 0.0980012934156
3.64	8.08551826185 +/- 0.11478912404
3.641	8.21694772944 +/- 0.0931150012057
3.642	8.22727252329 +/- 0.0925450425027
3.643	8.43020383524 +/- 0.100493963151
3.644	8.4737306333 +/- 0.0987717636822
3.645	8.27274276152 +/- 0.108231332913
3.646	8.43079808651 +/- 0.0886543059941
3.647	8.46552751627 +/- 0.0916919029711
3.648	8.67902769523 +/- 0.103759017739
3.649	8.63152705751 +/- 0.0785678795672
3.65	9.0132635172 +/- 0.0924743714608


# L = 40.0 
# X: T
# Y: Connected Susceptibility
3.59	6.52033060196 +/- 0.145825497602
3.591	6.51192493201 +/- 0.144091700202
3.592	6.56536708958 +/- 0.150878127381
3.593	6.60953306277 +/- 0.137391936711
3.594	6.66499051959 +/- 0.13862733485
3.595	6.70846260317 +/- 0.132555310323
3.596	7.06428290873 +/- 0.152972415569
3.597	6.99957100527 +/- 0.139441293002
3.598	7.51934013521 +/- 0.147474222577
3.599	7.25013013069 +/- 0.15245232831
3.6	7.35056436981 +/- 0.126474946686
3.601	7.46001633542 +/- 0.140289991817
3.602	7.45484915394 +/- 0.141817553826
3.603	7.6068832449 +/- 0.143166363541
3.604	7.68847976507 +/- 0.156167849722
3.605	7.79135394756 +/- 0.133748354551
3.606	7.89029436318 +/- 0.148419312366
3.607	7.84575040391 +/- 0.150429374872
3.608	8.34743565064 +/- 0.140944984272
3.609	8.35545747719 +/- 0.134572160173
3.61	8.16212440052 +/- 0.13448317513
3.611	8.70733473721 +/- 0.126724420621
3.612	8.62866305544 +/- 0.151826583092
3.613	8.92898333526 +/- 0.157924936398
3.614	9.01527318334 +/- 0.142700274506
3.615	8.94859548076 +/- 0.155122332625
3.616	9.16768844732 +/- 0.156053504675
3.617	9.5335819446 +/- 0.142840269461
3.618	9.37247249205 +/- 0.151688235913
3.619	9.47850530743 +/- 0.165818644883
3.62	9.70070156047 +/- 0.152212777088
3.621	9.74469405683 +/- 0.145071349928
3.622	9.68984027461 +/- 0.149091715568
3.623	10.1375543388 +/- 0.14679299711
3.624	10.2143228163 +/- 0.145484042143
3.625	10.012630472 +/- 0.143479943165
3.626	10.3812017358 +/- 0.143045154409
3.627	10.3342436647 +/- 0.152982410966
3.628	10.5517108685 +/- 0.144793180321
3.629	10.5865649947 +/- 0.13858889329
3.63	10.7401994674 +/- 0.150026354537
3.631	10.9873117394 +/- 0.151836947011
3.632	10.9043662334 +/- 0.143744305336
3.633	10.9755612398 +/- 0.153037308786
3.634	11.0772528553 +/- 0.147567515002
3.635	11.2028154102 +/- 0.142643619939
3.636	11.6067631378 +/- 0.147804908953
3.637	11.3914012772 +/- 0.140127084607
3.638	11.6312705826 +/- 0.151090258376
3.639	11.9047438041 +/- 0.155280702589
3.64	12.0067590936 +/- 0.142446742216
3.641	12.0090842421 +/- 0.145488635665
3.642	12.3008284838 +/- 0.156739923965
3.643	12.3713727581 +/- 0.148818396784
3.644	12.5942910362 +/- 0.14754423383
3.645	12.5018003971 +/- 0.148789548776
3.646	12.7170235024 +/- 0.156606538963
3.647	12.8663994574 +/- 0.139824623266
3.648	12.89418661 +/- 0.151619545573
3.649	13.1671169982 +/- 0.130896307986
3.65	13.2971621809 +/- 0.148993804281


