# L = 8.0 
# X: J2
# Y: Binder Ratio of Staggered Magnetization
0.1	0.355257728401 +/- 0.000191641787407
0.105	0.356311201222 +/- 0.000198307180597
0.11	0.356343691303 +/- 0.000189329325865
0.115	0.357906469447 +/- 0.000173649170948
0.12	0.358084933369 +/- 0.00021642162244
0.125	0.358458936433 +/- 0.000188209155383
0.13	0.359521962995 +/- 0.000181813766404
0.135	0.360060032043 +/- 0.000248222998903
0.14	0.360829091681 +/- 0.000225279981207
0.145	0.36103995082 +/- 0.000226962556558
0.15	0.361893460887 +/- 0.000231780955636
0.155	0.362706097836 +/- 0.000262104959176
0.16	0.36314722988 +/- 0.000302573857388
0.165	0.36453011257 +/- 0.000280041625598
0.17	0.365278661283 +/- 0.000280263689393
0.175	0.366724075819 +/- 0.000304163997686
0.18	0.367128663924 +/- 0.000280588650187
0.185	0.368385757045 +/- 0.000302952441942
0.19	0.369317903774 +/- 0.000329784933993
0.195	0.37079797079 +/- 0.000345521515427
0.2	0.370990623235 +/- 0.00034998268683
0.205	0.372521050428 +/- 0.000349327772084
0.21	0.373866498909 +/- 0.000338670693228
0.215	0.375082494981 +/- 0.000337295163676
0.22	0.377303782949 +/- 0.000343200707277
0.225	0.37814607467 +/- 0.000399160324858
0.23	0.379031328424 +/- 0.000353388433286
0.235	0.380648395835 +/- 0.000435602306885
0.24	0.382125467851 +/- 0.000441854270155
0.245	0.383544642816 +/- 0.000398800296402
0.25	0.385109472194 +/- 0.000400377441815
0.255	0.387074385388 +/- 0.000463058169321
0.26	0.389364516805 +/- 0.000454240566245
0.265	0.391029280968 +/- 0.000410515850938
0.27	0.391846349299 +/- 0.00048594071876
0.275	0.392873825922 +/- 0.000516148329105
0.28	0.39615490684 +/- 0.000437858005262
0.285	0.397844734507 +/- 0.00049018610113
0.29	0.401428083215 +/- 0.000563626816008
0.295	0.40202258132 +/- 0.000488479194234
0.3	0.403997210743 +/- 0.000615732128855
0.305	0.405895516404 +/- 0.00047951533801
0.31	0.407317548179 +/- 0.000604840149823
0.315	0.41017192387 +/- 0.000552938111596
0.32	0.411354945433 +/- 0.000524285441445
0.325	0.414334053016 +/- 0.000615383310603
0.33	0.417327933723 +/- 0.000606258156439
0.335	0.418908871014 +/- 0.000665414606967
0.34	0.421929812774 +/- 0.000596048502817
0.345	0.425343217133 +/- 0.000586720178452
0.35	0.427106468441 +/- 0.000698494074132
0.355	0.428187749738 +/- 0.000662160507292
0.36	0.431468505487 +/- 0.000665254140386
0.365	0.433404792294 +/- 0.000651340442868
0.37	0.436401728992 +/- 0.000647311876124
0.375	0.437497173027 +/- 0.000647765541439
0.38	0.441080414389 +/- 0.000686805680935
0.385	0.443282812086 +/- 0.000705556003005
0.39	0.445543442636 +/- 0.000816751113554
0.395	0.447957754317 +/- 0.000579844623524
0.4	0.449012317773 +/- 0.000776058671981
0.405	0.451845945627 +/- 0.000908307237989
0.41	0.453498302724 +/- 0.000707364232647
0.415	0.456337216646 +/- 0.00087409076536
0.42	0.457173950299 +/- 0.000661253423484
0.425	0.460286043066 +/- 0.000748688008846
0.43	0.462106729054 +/- 0.000826497057531
0.435	0.46473966085 +/- 0.000742941710549
0.44	0.465743997391 +/- 0.00074345434325
0.445	0.467500030357 +/- 0.000809511263417
0.45	0.46939529934 +/- 0.000809874204585
0.455	0.469935854042 +/- 0.000831404214244
0.46	0.473295587764 +/- 0.000781852892476
0.465	0.473379292049 +/- 0.000717458193165
0.47	0.474903188567 +/- 0.000744071085907
0.475	0.47653468264 +/- 0.000739504859667
0.48	0.479100506812 +/- 0.000778132113326
0.485	0.478556606451 +/- 0.000792190667151
0.49	0.479915578504 +/- 0.000809785745089
0.495	0.482377181086 +/- 0.000790124441082
0.5	0.484526729454 +/- 0.000768380866978
0.505	0.484624675397 +/- 0.000832840529657
0.51	0.485415759731 +/- 0.000828079867988
0.515	0.486158921125 +/- 0.000758637857945
0.52	0.488021107679 +/- 0.000730549064845
0.525	0.488268529498 +/- 0.000753936758942
0.53	0.490273092521 +/- 0.000756226858678
0.535	0.491684887055 +/- 0.000758934530906
0.54	0.491750934246 +/- 0.000831923433718
0.545	0.494067874341 +/- 0.000849446941387
0.55	0.495504222706 +/- 0.000850174329988
0.555	0.495891481084 +/- 0.000815927534422
0.56	0.495962724214 +/- 0.00081573564808
0.565	0.497519823659 +/- 0.00090074176218
0.57	0.497888498821 +/- 0.000698996487366
0.575	0.49807236077 +/- 0.000789287892102
0.58	0.498568993281 +/- 0.000814637535862
0.585	0.499723404548 +/- 0.000762916791977
0.59	0.499510440725 +/- 0.000792839482754
0.595	0.500567720294 +/- 0.000735935374627
0.6	0.500919851931 +/- 0.000877297857339


# L = 10.0 
# X: J2
# Y: Binder Ratio of Staggered Magnetization
0.1	0.349317084366 +/- 0.000176402406798
0.105	0.349872203455 +/- 0.000174769024964
0.11	0.350572562274 +/- 0.000164077722204
0.115	0.35077480741 +/- 0.000167674392273
0.12	0.351370390967 +/- 0.000180252231538
0.125	0.352286859227 +/- 0.000182856982438
0.13	0.352691228461 +/- 0.000167743955632
0.135	0.353339227129 +/- 0.000194744688749
0.14	0.353861890698 +/- 0.000205270554211
0.145	0.354472013453 +/- 0.000229901791557
0.15	0.355255022247 +/- 0.000234345699213
0.155	0.355518060801 +/- 0.000237793465633
0.16	0.356451981596 +/- 0.000254926791825
0.165	0.357638154099 +/- 0.000224014101079
0.17	0.357876414559 +/- 0.000258140764077
0.175	0.359097661537 +/- 0.000263957320186
0.18	0.360374917078 +/- 0.000252449625692
0.185	0.361441686447 +/- 0.000266588361895
0.19	0.361939965385 +/- 0.000308396057827
0.195	0.363058081425 +/- 0.000321991323038
0.2	0.364419793301 +/- 0.000312852126896
0.205	0.365544026592 +/- 0.000340352785005
0.21	0.366036494196 +/- 0.000311309666924
0.215	0.367359131469 +/- 0.000377258717011
0.22	0.368958078162 +/- 0.000351411521344
0.225	0.370561602122 +/- 0.000353897459722
0.23	0.371875709647 +/- 0.000379689475252
0.235	0.373053620671 +/- 0.000337305402513
0.24	0.375078806757 +/- 0.000409858452341
0.245	0.376510737638 +/- 0.000400885502327
0.25	0.377966336963 +/- 0.000406667412801
0.255	0.380269903785 +/- 0.000434562789941
0.26	0.382161723909 +/- 0.000467212324635
0.265	0.384726295559 +/- 0.000447568172718
0.27	0.385586092002 +/- 0.000470297380905
0.275	0.389185695311 +/- 0.000501023220423
0.28	0.390332154732 +/- 0.000481800958927
0.285	0.392989473026 +/- 0.000526304216454
0.29	0.396102137121 +/- 0.000552398653853
0.295	0.398893585084 +/- 0.00053989541268
0.3	0.401136781413 +/- 0.000593180449344
0.305	0.403387717589 +/- 0.000573769003346
0.31	0.406170464369 +/- 0.000597865157778
0.315	0.409137105935 +/- 0.000516731262222
0.32	0.411125676363 +/- 0.00060428395725
0.325	0.415519634066 +/- 0.000686111340294
0.33	0.417130675328 +/- 0.000641370521243
0.335	0.420847589917 +/- 0.000569070115296
0.34	0.423588460736 +/- 0.000642006839616
0.345	0.427056389202 +/- 0.000663430714701
0.35	0.431359881814 +/- 0.000658542130541
0.355	0.432884043324 +/- 0.000693853468577
0.36	0.436341671354 +/- 0.000758781346604
0.365	0.438381707126 +/- 0.000697333912625
0.37	0.442061033987 +/- 0.000622919438737
0.375	0.444579630105 +/- 0.000746163089575
0.38	0.448069095562 +/- 0.00070631378556
0.385	0.452195907822 +/- 0.000701672076741
0.39	0.453351637188 +/- 0.000770303713923
0.395	0.457620989787 +/- 0.000793293729186
0.4	0.459094538668 +/- 0.00070782200495
0.405	0.462623701227 +/- 0.000795520627373
0.41	0.464871259084 +/- 0.000823835630625
0.415	0.466291889399 +/- 0.000688206828032
0.42	0.468456142937 +/- 0.00078821758126
0.425	0.469704634257 +/- 0.000751567246051
0.43	0.473234220255 +/- 0.000699890757221
0.435	0.476946484662 +/- 0.00083359112239
0.44	0.478210990474 +/- 0.000716373017328
0.445	0.479812539669 +/- 0.000739755884127
0.45	0.480483220284 +/- 0.000835995760436
0.455	0.481760995389 +/- 0.000887422794185
0.46	0.482780901544 +/- 0.000793299651244
0.465	0.48603404412 +/- 0.000840172865549
0.47	0.487131251461 +/- 0.000848242973942
0.475	0.489277069481 +/- 0.000733250172783
0.48	0.490549869116 +/- 0.000731116872425
0.485	0.492856171192 +/- 0.000658850512957
0.49	0.494028539279 +/- 0.000743306480872
0.495	0.49421177975 +/- 0.000739292949976
0.5	0.495680329255 +/- 0.000842029248947
0.505	0.496833195136 +/- 0.000726846628657
0.51	0.497716313648 +/- 0.000690591268904
0.515	0.498629383157 +/- 0.000884829748078
0.52	0.499791354796 +/- 0.000825946179444
0.525	0.500236980318 +/- 0.000832378386621
0.53	0.499417894115 +/- 0.000843185043184
0.535	0.502981435214 +/- 0.000802259567102
0.54	0.500991038291 +/- 0.00071179590892
0.545	0.504332533335 +/- 0.000799107143759
0.55	0.50444410544 +/- 0.000783776283834
0.555	0.505417823057 +/- 0.000779803499531
0.56	0.5063890077 +/- 0.000675636115048
0.565	0.507467625779 +/- 0.000859829681366
0.57	0.507595982729 +/- 0.000810838873758
0.575	0.508715664431 +/- 0.000880185036845
0.58	0.508720775075 +/- 0.000826727764093
0.585	0.509528019507 +/- 0.000781436348611
0.59	0.510601675764 +/- 0.000745862489388
0.595	0.509921879777 +/- 0.000813542981109
0.6	0.510093527971 +/- 0.00082464767415


# L = 12.0 
# X: J2
# Y: Binder Ratio of Staggered Magnetization
0.1	0.345612216608 +/- 0.000125164402829
0.105	0.345917536391 +/- 0.000126423251367
0.11	0.346280675922 +/- 0.00014061945572
0.115	0.346724434674 +/- 0.000131517348727
0.12	0.347224654996 +/- 0.000160392853852
0.125	0.34795276677 +/- 0.000167615530715
0.13	0.348064196082 +/- 0.000187592428605
0.135	0.348685892027 +/- 0.000169678069012
0.14	0.349268829289 +/- 0.000197896613498
0.145	0.349652657095 +/- 0.000180743728345
0.15	0.350749048691 +/- 0.000184029885777
0.155	0.350892792267 +/- 0.000234992594927
0.16	0.351530980106 +/- 0.000203314792197
0.165	0.352576099186 +/- 0.000202820548933
0.17	0.353738393429 +/- 0.000246566210992
0.175	0.353909486205 +/- 0.000222731371065
0.18	0.353905385753 +/- 0.000268056918024
0.185	0.355720678529 +/- 0.000287790121135
0.19	0.356094408038 +/- 0.000324164526141
0.195	0.357618321473 +/- 0.000248146349232
0.2	0.35863624483 +/- 0.000304508692819
0.205	0.359836681054 +/- 0.000270695813122
0.21	0.360288339927 +/- 0.00033739741855
0.215	0.361055977616 +/- 0.000327069656757
0.22	0.362714507328 +/- 0.000308437115143
0.225	0.364376753549 +/- 0.000318664278572
0.23	0.366074833165 +/- 0.000357560794185
0.235	0.367321523655 +/- 0.000357748055936
0.24	0.369409970482 +/- 0.000385439035716
0.245	0.371188657231 +/- 0.000393577553304
0.25	0.372417536493 +/- 0.000419790330186
0.255	0.374966396622 +/- 0.000440213047629
0.26	0.376986161467 +/- 0.000444371204676
0.265	0.378345224262 +/- 0.000405916164234
0.27	0.380240161332 +/- 0.000434032871813
0.275	0.383687746001 +/- 0.000540443293777
0.28	0.386630250424 +/- 0.000460711493689
0.285	0.389716338274 +/- 0.00051768575474
0.29	0.391380246031 +/- 0.000499097841898
0.295	0.394837313935 +/- 0.000574800695847
0.3	0.397337318754 +/- 0.000603917142838
0.305	0.401990027536 +/- 0.000551207177746
0.31	0.405553952515 +/- 0.000517352150963
0.315	0.40825760917 +/- 0.000581377623519
0.32	0.412072584129 +/- 0.000596831188311
0.325	0.415861980709 +/- 0.000660042185175
0.33	0.419148406449 +/- 0.000612650507288
0.335	0.422801839144 +/- 0.000669509535175
0.34	0.427074063647 +/- 0.000730835793737
0.345	0.431768461764 +/- 0.000841651270835
0.35	0.435542419048 +/- 0.000711737250291
0.355	0.439604997769 +/- 0.000719445286988
0.36	0.442875954609 +/- 0.000788867477192
0.365	0.446650519222 +/- 0.000811168581081
0.37	0.449615841402 +/- 0.000719670108248
0.375	0.453854173104 +/- 0.000868289128992
0.38	0.456390899363 +/- 0.000730655033726
0.385	0.459087687331 +/- 0.000741442010184
0.39	0.463848989871 +/- 0.000766751699474
0.395	0.466124326653 +/- 0.000733346764801
0.4	0.468758321446 +/- 0.00077539241121
0.405	0.471218938376 +/- 0.000729840965789
0.41	0.474511103163 +/- 0.00082609719245
0.415	0.476478900117 +/- 0.000795181477648
0.42	0.478294007762 +/- 0.000783838152258
0.425	0.481638966364 +/- 0.00089871154078
0.43	0.483866996617 +/- 0.000834743153418
0.435	0.487665869257 +/- 0.000683790116724
0.44	0.487889413097 +/- 0.000736748369125
0.445	0.490587718612 +/- 0.000808619561018
0.45	0.490835327493 +/- 0.000785541992688
0.455	0.492380387528 +/- 0.000788769633251
0.46	0.495048027083 +/- 0.000746229789261
0.465	0.497884109736 +/- 0.000834411656529
0.47	0.496111936096 +/- 0.000810630797849
0.475	0.499587827468 +/- 0.000888832622242
0.48	0.501284897358 +/- 0.000848357670469
0.485	0.501753386737 +/- 0.00077670219055
0.49	0.502273459742 +/- 0.000836524550784
0.495	0.503219876156 +/- 0.00084889062952
0.5	0.504766906413 +/- 0.000950435473134
0.505	0.506306027426 +/- 0.000859867334008
0.51	0.506093883634 +/- 0.000719792347838
0.515	0.506922493657 +/- 0.000790941522049
0.52	0.507494154188 +/- 0.000795171173302
0.525	0.508694040319 +/- 0.000783054997264
0.53	0.511022968436 +/- 0.000861228826618
0.535	0.508863831742 +/- 0.000950694904985
0.54	0.512110143652 +/- 0.000753028215374
0.545	0.513179566843 +/- 0.000811240432324
0.55	0.512938886261 +/- 0.000790494862832
0.555	0.512666685828 +/- 0.00081488287376
0.56	0.513948962559 +/- 0.00103830195871
0.565	0.515258001764 +/- 0.000849786104761
0.57	0.516985695886 +/- 0.000853266355422
0.575	0.515493142859 +/- 0.000817406767915
0.58	0.515490577161 +/- 0.000772923789361
0.585	0.517887671664 +/- 0.000828124650215
0.59	0.516933559853 +/- 0.000829026349819
0.595	0.518471981695 +/- 0.000815608151283
0.6	0.518619502364 +/- 0.000779997912815


# L = 16.0 
# X: J2
# Y: Binder Ratio of Staggered Magnetization
0.1	0.340715602211 +/- 8.99403125896e-05
0.105	0.340868732151 +/- 0.000107328252843
0.11	0.341416923764 +/- 9.89649667207e-05
0.115	0.341540136872 +/- 0.000123761799393
0.12	0.341898739055 +/- 0.000105027449669
0.125	0.342136688768 +/- 0.000151504964684
0.13	0.342435338536 +/- 0.000130437334609
0.135	0.342987256019 +/- 0.000131272098672
0.14	0.343378980182 +/- 0.00013561119732
0.145	0.343748971409 +/- 0.000140933146189
0.15	0.344159736003 +/- 0.000146980390024
0.155	0.344772083876 +/- 0.000170130880307
0.16	0.345552870549 +/- 0.000146692112674
0.165	0.345608021182 +/- 0.000174400894071
0.17	0.345952591196 +/- 0.000207680174537
0.175	0.34688047991 +/- 0.00019508441435
0.18	0.347414333436 +/- 0.000214245269921
0.185	0.348148752849 +/- 0.000202544567158
0.19	0.348503329596 +/- 0.000240847406557
0.195	0.349327982739 +/- 0.000220586201954
0.2	0.349806429195 +/- 0.000261134788796
0.205	0.351246901993 +/- 0.000271441568014
0.21	0.352251412931 +/- 0.000233591775301
0.215	0.35287660641 +/- 0.000276107738586
0.22	0.354306958051 +/- 0.000244065962807
0.225	0.35532523695 +/- 0.000271194173585
0.23	0.356332249344 +/- 0.000318046342562
0.235	0.358030818722 +/- 0.000332062398904
0.24	0.359297958818 +/- 0.000300724311085
0.245	0.360843503996 +/- 0.000350799175608
0.25	0.363086094943 +/- 0.000381992041253
0.255	0.364705590397 +/- 0.000379821355899
0.26	0.366897090437 +/- 0.000414100782661
0.265	0.369390257278 +/- 0.000464292704662
0.27	0.371853114655 +/- 0.00041041153655
0.275	0.374925212289 +/- 0.000495908924007
0.28	0.37745549224 +/- 0.000468167717617
0.285	0.381450612719 +/- 0.000507680823074
0.29	0.384125184343 +/- 0.000555843878704
0.295	0.389166796969 +/- 0.000588499122763
0.3	0.392785615872 +/- 0.000556043221258
0.305	0.398064028459 +/- 0.000571032577889
0.31	0.401951313193 +/- 0.000629363499225
0.315	0.407623757217 +/- 0.000624737359842
0.32	0.412995889584 +/- 0.000749796715713
0.325	0.417428351236 +/- 0.000683587239531
0.33	0.424101577526 +/- 0.00079446882059
0.335	0.429931499484 +/- 0.000726229462295
0.34	0.434139189409 +/- 0.000810439852087
0.345	0.441735000667 +/- 0.000660547830662
0.35	0.444838624902 +/- 0.000765130769769
0.355	0.453091594947 +/- 0.000838886432698
0.36	0.456397935845 +/- 0.00085245448692
0.365	0.461855317364 +/- 0.000846129143074
0.37	0.466103807668 +/- 0.000851579046174
0.375	0.469840639321 +/- 0.000761695122413
0.38	0.473888204335 +/- 0.000829904737136
0.385	0.476667726574 +/- 0.000748602551564
0.39	0.481061801032 +/- 0.000789902794344
0.395	0.483654238063 +/- 0.000742056256097
0.4	0.48487502857 +/- 0.000898130217571
0.405	0.489444433446 +/- 0.000713615080266
0.41	0.492338630655 +/- 0.000725666780513
0.415	0.495363862931 +/- 0.000815387997465
0.42	0.49666146267 +/- 0.000793116595974
0.425	0.49944019611 +/- 0.000842848755438
0.43	0.500634567317 +/- 0.000786474308569
0.435	0.502404484029 +/- 0.000908069958511
0.44	0.503419013988 +/- 0.000771769028584
0.445	0.504532580532 +/- 0.000778083967534
0.45	0.508060096375 +/- 0.000830251816775
0.455	0.50735015344 +/- 0.000778296904972
0.46	0.508711804049 +/- 0.000920550885719
0.465	0.51032494383 +/- 0.00075313994972
0.47	0.511940317228 +/- 0.000883536882088
0.475	0.51239884596 +/- 0.000808777359488
0.48	0.514233106846 +/- 0.000822460849966
0.485	0.514160303196 +/- 0.000789743582584
0.49	0.515493523464 +/- 0.000927199476564
0.495	0.51632309003 +/- 0.000895227993207
0.5	0.518512823016 +/- 0.000842180430293
0.505	0.517488997281 +/- 0.000788175654064
0.51	0.519443841816 +/- 0.000802922920914
0.515	0.518853729489 +/- 0.000786256597171
0.52	0.519293093199 +/- 0.000816225865716
0.525	0.520926759044 +/- 0.000768427038259
0.53	0.52134702002 +/- 0.000807793340135
0.535	0.523045072021 +/- 0.000870448705518
0.54	0.524261526452 +/- 0.000807969613411
0.545	0.523356596633 +/- 0.000785346542211
0.55	0.523511570614 +/- 0.000779762408017
0.555	0.524433301604 +/- 0.000877614528514
0.56	0.52591497061 +/- 0.000837015247526
0.565	0.525709519897 +/- 0.000865692136138
0.57	0.525353646756 +/- 0.000828269041299
0.575	0.527192520721 +/- 0.000832722370955
0.58	0.526062911351 +/- 0.000908192773586
0.585	0.528882114304 +/- 0.000863906465649
0.59	0.526233757555 +/- 0.000915635500363
0.595	0.528836351133 +/- 0.000801391978909
0.6	0.529111299553 +/- 0.00083350430687


