# L = 8.0 
# X: J2
# Y: Binder Ratio of Staggered Magnetization
1.5	0.50844564703 +/- 0.000761593998126
1.51	0.507585661209 +/- 0.000773102220933
1.52	0.507478988256 +/- 0.000894726960296
1.53	0.504759432833 +/- 0.000911473908381
1.54	0.505822876626 +/- 0.000953767010044
1.55	0.504522813072 +/- 0.000793674666556
1.56	0.504420597126 +/- 0.000831797996698
1.57	0.503023976948 +/- 0.000871837870693
1.58	0.501324143376 +/- 0.000887460239927
1.59	0.501967448662 +/- 0.000764528273619
1.6	0.499954027755 +/- 0.000832690033712
1.61	0.499714692503 +/- 0.000883886548163
1.62	0.497089509584 +/- 0.000833854658441
1.63	0.496801347436 +/- 0.000757195270977
1.64	0.496797123152 +/- 0.000845743834902
1.65	0.494499764678 +/- 0.000857322860605
1.66	0.494188338458 +/- 0.000689702995877
1.67	0.491498281002 +/- 0.000833584291454
1.68	0.491152091272 +/- 0.000859496738148
1.69	0.490337104595 +/- 0.000802830202335
1.7	0.488758194529 +/- 0.000978043938724
1.71	0.487363257179 +/- 0.000844601212169
1.72	0.485556463297 +/- 0.000800125401735
1.73	0.484272170012 +/- 0.000774757391242
1.74	0.48150152295 +/- 0.00080155582282
1.75	0.481091058681 +/- 0.000800470388311
1.76	0.478111325195 +/- 0.000837236283364
1.77	0.477615482832 +/- 0.000842204444737
1.78	0.476981104672 +/- 0.000712467635501
1.79	0.473726203626 +/- 0.000697949966413
1.8	0.470591701793 +/- 0.000848835903439
1.81	0.470865353377 +/- 0.0007654088009
1.82	0.466657134859 +/- 0.000799021796388
1.83	0.465210127404 +/- 0.000864790934376
1.84	0.463975586788 +/- 0.00075521972408
1.85	0.462101797638 +/- 0.000824564239954
1.86	0.459236184085 +/- 0.000877620416672
1.87	0.454841664608 +/- 0.000844770117005
1.88	0.455302711933 +/- 0.000830933690713
1.89	0.453291154912 +/- 0.000773077561049
1.9	0.44978524141 +/- 0.000774044258232
1.91	0.447209171044 +/- 0.00084594836997
1.92	0.445098221291 +/- 0.000695630894583
1.93	0.444027185081 +/- 0.000866425475472
1.94	0.441990551655 +/- 0.000794039100072
1.95	0.43813927151 +/- 0.000849587826943
1.96	0.435219715347 +/- 0.000750567116686
1.97	0.434284065348 +/- 0.000883236683843
1.98	0.431135729882 +/- 0.000771685841911
1.99	0.429312594696 +/- 0.000795079569349
2.0	0.42635221176 +/- 0.000715360482257
2.01	0.423657341813 +/- 0.000772087545444
2.02	0.422198917625 +/- 0.000614591070709
2.03	0.420679328933 +/- 0.000753013472758
2.04	0.418214666479 +/- 0.000706305329113
2.05	0.416340972008 +/- 0.000648904698502
2.06	0.414572616563 +/- 0.000752640884813
2.07	0.4128328038 +/- 0.000677075114347
2.08	0.410621882527 +/- 0.000726971262925
2.09	0.407853208675 +/- 0.000620956878739
2.1	0.405574862165 +/- 0.000677983576489
2.11	0.403105595448 +/- 0.00054141223892
2.12	0.401762571376 +/- 0.000671464305445
2.13	0.400675674745 +/- 0.00059932615765
2.14	0.398217751967 +/- 0.000650900259149
2.15	0.397492330245 +/- 0.000616557703867
2.16	0.395106603656 +/- 0.000645111535659
2.17	0.39375505896 +/- 0.000557420318457
2.18	0.392036422293 +/- 0.000602569191265
2.19	0.391375755212 +/- 0.000640156240156
2.2	0.388678585645 +/- 0.000518076195301
2.21	0.388475694624 +/- 0.00053202033051
2.22	0.386758290357 +/- 0.000416265551783
2.23	0.385705414745 +/- 0.000549314616901
2.24	0.383841482757 +/- 0.000444287344508
2.25	0.383344385317 +/- 0.000509012404504
2.26	0.381539825751 +/- 0.000513124841001
2.27	0.379761170992 +/- 0.000538403153594
2.28	0.380374028993 +/- 0.000444833952025
2.29	0.37863821441 +/- 0.000508248172854
2.3	0.377759409268 +/- 0.000422526435083
2.31	0.376565409923 +/- 0.000555850269307
2.32	0.37473873814 +/- 0.000463379568032
2.33	0.37472924184 +/- 0.000478376406228
2.34	0.374522053523 +/- 0.00037113427593
2.35	0.373818880389 +/- 0.000401984997628
2.36	0.372377612012 +/- 0.000434944739711
2.37	0.371743681877 +/- 0.000505635275422
2.38	0.369707024254 +/- 0.000433334558466
2.39	0.369552141611 +/- 0.00043957755742
2.4	0.369134810857 +/- 0.000423545742757
2.41	0.368116082308 +/- 0.000421707882843
2.42	0.367396203793 +/- 0.000394069474287
2.43	0.3666034842 +/- 0.000346353623593
2.44	0.365386085652 +/- 0.00041290221423
2.45	0.365816032389 +/- 0.000413238580782
2.46	0.364498164743 +/- 0.000348857150199
2.47	0.364234133076 +/- 0.000340599881313
2.48	0.363927553859 +/- 0.000365522861751
2.49	0.363522400108 +/- 0.000369746633929
2.5	0.363219320677 +/- 0.000365890680018


# L = 10.0 
# X: J2
# Y: Binder Ratio of Staggered Magnetization
1.5	0.51510350658 +/- 0.000864189953209
1.51	0.514384369438 +/- 0.000928839178241
1.52	0.513518571943 +/- 0.000855911754381
1.53	0.512348585228 +/- 0.000709417505405
1.54	0.513363599484 +/- 0.000738913971242
1.55	0.511596183875 +/- 0.000870536828308
1.56	0.510080828994 +/- 0.000795095367637
1.57	0.509924588686 +/- 0.000754409481605
1.58	0.508871674741 +/- 0.000979339913167
1.59	0.508590578952 +/- 0.000905602586281
1.6	0.50736165886 +/- 0.000853022723863
1.61	0.506496550423 +/- 0.000827868735734
1.62	0.506654434442 +/- 0.00083433644241
1.63	0.503744501952 +/- 0.000732470252089
1.64	0.502628071612 +/- 0.000701810761456
1.65	0.501743575613 +/- 0.000827766644733
1.66	0.5014378289 +/- 0.000750307398627
1.67	0.497445509313 +/- 0.000878995705762
1.68	0.498418840955 +/- 0.00076016384648
1.69	0.49661175997 +/- 0.000885865844781
1.7	0.494655093145 +/- 0.00082404292483
1.71	0.492696447948 +/- 0.000880376330464
1.72	0.492096312159 +/- 0.000846776941681
1.73	0.488846740272 +/- 0.000773467672043
1.74	0.488613065205 +/- 0.000806976851976
1.75	0.486638093218 +/- 0.000776513611546
1.76	0.484293512643 +/- 0.000746419464671
1.77	0.483218667827 +/- 0.000837395692669
1.78	0.481379603019 +/- 0.000789394713983
1.79	0.47750026695 +/- 0.000819315450057
1.8	0.475377235571 +/- 0.000869742749642
1.81	0.47268501162 +/- 0.000787586343382
1.82	0.469803771313 +/- 0.000681270353037
1.83	0.467459743447 +/- 0.000776272436077
1.84	0.465240564487 +/- 0.00079267746923
1.85	0.460037004388 +/- 0.000794277108869
1.86	0.459447265572 +/- 0.000884144014694
1.87	0.456742532786 +/- 0.000836079598469
1.88	0.453390629124 +/- 0.00082023557044
1.89	0.450457118788 +/- 0.000840515577706
1.9	0.44790271265 +/- 0.000857294384393
1.91	0.444580791217 +/- 0.000885308133879
1.92	0.440248575659 +/- 0.000695353819969
1.93	0.436833791241 +/- 0.000763226848048
1.94	0.435043683674 +/- 0.000819357409852
1.95	0.430689451515 +/- 0.000877365649656
1.96	0.427195921538 +/- 0.00084746559628
1.97	0.424685831839 +/- 0.00071892944591
1.98	0.422996494597 +/- 0.00071706290516
1.99	0.419962549444 +/- 0.00080426684289
2.0	0.415835035884 +/- 0.000676690228244
2.01	0.412714896623 +/- 0.00063084281598
2.02	0.409702684169 +/- 0.000688187126259
2.03	0.408013507556 +/- 0.000668138074405
2.04	0.403854916375 +/- 0.000629071893545
2.05	0.402935458715 +/- 0.000644876164344
2.06	0.400041758506 +/- 0.000728630867887
2.07	0.398120454126 +/- 0.000644616215722
2.08	0.394042266461 +/- 0.000689712892759
2.09	0.393937852328 +/- 0.000588650836871
2.1	0.391261893239 +/- 0.000527171937059
2.11	0.389344895735 +/- 0.000686667129259
2.12	0.387734319719 +/- 0.00054457379172
2.13	0.384603010779 +/- 0.00061110347539
2.14	0.383096121328 +/- 0.000487562155966
2.15	0.381087390201 +/- 0.000542286140967
2.16	0.379601860222 +/- 0.000525644034074
2.17	0.378864451928 +/- 0.000538033663597
2.18	0.376506605213 +/- 0.000478141797992
2.19	0.375499068287 +/- 0.000428348815809
2.2	0.374776490387 +/- 0.000450644657772
2.21	0.373241688981 +/- 0.000486883500781
2.22	0.37133304948 +/- 0.00048308974613
2.23	0.370723253693 +/- 0.000476014541582
2.24	0.369946193054 +/- 0.000363310289227
2.25	0.368584819822 +/- 0.000452887649775
2.26	0.367674043712 +/- 0.000423515785171
2.27	0.365939306637 +/- 0.000415945178065
2.28	0.365198855044 +/- 0.000387335406218
2.29	0.364436094792 +/- 0.000393148064162
2.3	0.364169122585 +/- 0.000375340608006
2.31	0.362658169705 +/- 0.000420288437629
2.32	0.361959409774 +/- 0.000380968406094
2.33	0.361229622124 +/- 0.000366111866385
2.34	0.360711452588 +/- 0.00035038465132
2.35	0.360182785752 +/- 0.000381673603372
2.36	0.359175264546 +/- 0.000387505590271
2.37	0.358768225948 +/- 0.000362967244944
2.38	0.357673263177 +/- 0.000390776467385
2.39	0.357268965339 +/- 0.000273227901696
2.4	0.356375616672 +/- 0.000350428623263
2.41	0.356361191742 +/- 0.000297091192853
2.42	0.356091851233 +/- 0.000309133776183
2.43	0.35551849635 +/- 0.000297024353625
2.44	0.354506141607 +/- 0.00032085811555
2.45	0.354583119244 +/- 0.00031265874306
2.46	0.354092074556 +/- 0.000295402897088
2.47	0.353965175423 +/- 0.000288581034168
2.48	0.352415411028 +/- 0.000270982049999
2.49	0.352663480278 +/- 0.000305501364493
2.5	0.352669352333 +/- 0.000270220543146


# L = 12.0 
# X: J2
# Y: Binder Ratio of Staggered Magnetization
1.5	0.521944782784 +/- 0.000796700143139
1.51	0.520673667103 +/- 0.000795574949311
1.52	0.518732082615 +/- 0.000869377529802
1.53	0.518754733415 +/- 0.000946232894322
1.54	0.519711246137 +/- 0.000969852135688
1.55	0.518433575017 +/- 0.000855276842455
1.56	0.516082384342 +/- 0.000850957036033
1.57	0.515264889326 +/- 0.000931195815313
1.58	0.513849074057 +/- 0.000848560322564
1.59	0.513453137179 +/- 0.000972306922367
1.6	0.514005463387 +/- 0.000858312671912
1.61	0.513797018866 +/- 0.000868924642821
1.62	0.512087295687 +/- 0.000782711658581
1.63	0.510485170393 +/- 0.000689037741054
1.64	0.509450006569 +/- 0.000745445417275
1.65	0.507150244481 +/- 0.000852679983691
1.66	0.506435034114 +/- 0.0007963722533
1.67	0.503217822764 +/- 0.000775818904295
1.68	0.50546698705 +/- 0.000813461621147
1.69	0.502569521835 +/- 0.000760019748937
1.7	0.501476511593 +/- 0.000823107009168
1.71	0.500405615158 +/- 0.000847102184131
1.72	0.497697333575 +/- 0.000831362530365
1.73	0.496294131095 +/- 0.000781172310815
1.74	0.494739282347 +/- 0.000798423013483
1.75	0.493863289242 +/- 0.000737673928749
1.76	0.489982215311 +/- 0.000817217961871
1.77	0.487781663129 +/- 0.000712554811833
1.78	0.485723787255 +/- 0.000844463403578
1.79	0.482026323944 +/- 0.000841866883246
1.8	0.479079213695 +/- 0.000799714165594
1.81	0.478223902315 +/- 0.00085481950631
1.82	0.474849882787 +/- 0.000880586026334
1.83	0.471966720743 +/- 0.000832545475933
1.84	0.468118461127 +/- 0.000860325145664
1.85	0.464378382812 +/- 0.00078138881582
1.86	0.461781917001 +/- 0.000813743701674
1.87	0.457279151371 +/- 0.000783351403432
1.88	0.452485718223 +/- 0.000907193838307
1.89	0.448832337284 +/- 0.000865887492591
1.9	0.445620128437 +/- 0.000804462887031
1.91	0.441918203328 +/- 0.000801697309796
1.92	0.436518034965 +/- 0.000781882676577
1.93	0.433585882672 +/- 0.00071514836915
1.94	0.429971441948 +/- 0.0007950212408
1.95	0.424116777622 +/- 0.000841013829743
1.96	0.42049059624 +/- 0.000771528545148
1.97	0.41560972251 +/- 0.000739525687395
1.98	0.413987051646 +/- 0.000736263916688
1.99	0.411623615726 +/- 0.000802793217422
2.0	0.405932896723 +/- 0.000671571651529
2.01	0.40276646653 +/- 0.000678081738954
2.02	0.399305588935 +/- 0.000699717517854
2.03	0.396029214473 +/- 0.000708294338827
2.04	0.39337637356 +/- 0.000656834886795
2.05	0.3920413149 +/- 0.000599255770784
2.06	0.3880536757 +/- 0.0005938488258
2.07	0.385609616879 +/- 0.000649535620493
2.08	0.383889452961 +/- 0.000568862723332
2.09	0.380696413939 +/- 0.000656535626192
2.1	0.379291907363 +/- 0.0005503867124
2.11	0.376507978368 +/- 0.000543929923207
2.12	0.375577982138 +/- 0.000459624119702
2.13	0.37304871472 +/- 0.000429762900273
2.14	0.371379907514 +/- 0.000448190383673
2.15	0.3700176407 +/- 0.000483953096445
2.16	0.368875896938 +/- 0.000438804542144
2.17	0.366754968116 +/- 0.000477753548318
2.18	0.366005569884 +/- 0.000460239871426
2.19	0.364765667061 +/- 0.000401441841366
2.2	0.364464625031 +/- 0.000412598323437
2.21	0.362555604412 +/- 0.000399967658435
2.22	0.361434469663 +/- 0.000368925068816
2.23	0.360053763214 +/- 0.000406157887461
2.24	0.35926232088 +/- 0.000401793054727
2.25	0.35830686508 +/- 0.000385428304747
2.26	0.358030333893 +/- 0.000380469750126
2.27	0.357149513946 +/- 0.000400673713158
2.28	0.355709466929 +/- 0.000358300410779
2.29	0.355869439921 +/- 0.000351220493159
2.3	0.354255293473 +/- 0.000322883438303
2.31	0.354244794237 +/- 0.000324004205426
2.32	0.352677406448 +/- 0.000362532761366
2.33	0.352733517313 +/- 0.000360066345709
2.34	0.35254841406 +/- 0.000312681572415
2.35	0.351799381403 +/- 0.000311337951781
2.36	0.352550230097 +/- 0.00026133136661
2.37	0.351482359487 +/- 0.000272579065643
2.38	0.350240140194 +/- 0.000270439917054
2.39	0.349643896391 +/- 0.000283344758832
2.4	0.350102244123 +/- 0.000215636872113
2.41	0.34928528643 +/- 0.000236692332709
2.42	0.348764808729 +/- 0.000259659302639
2.43	0.348826479993 +/- 0.000223415512041
2.44	0.348530033483 +/- 0.000238135640929
2.45	0.347661298442 +/- 0.000251321145513
2.46	0.347942876178 +/- 0.000239217237558
2.47	0.347204906589 +/- 0.000236907486578
2.48	0.347298623208 +/- 0.00023536219419
2.49	0.347024285893 +/- 0.000194985793043
2.5	0.346417064706 +/- 0.000223032212565


# L = 16.0 
# X: J2
# Y: Binder Ratio of Staggered Magnetization
1.5	0.529348763151 +/- 0.00083641051054
1.51	0.529852642075 +/- 0.000942244253454
1.52	0.530347969125 +/- 0.000915377075993
1.53	0.528921150595 +/- 0.000941926184104
1.54	0.526288058726 +/- 0.000849311108668
1.55	0.525460892642 +/- 0.000803209272829
1.56	0.525288868317 +/- 0.000801800417536
1.57	0.526039006431 +/- 0.000810160348492
1.58	0.525396131288 +/- 0.000846619823591
1.59	0.523423093513 +/- 0.000824534190166
1.6	0.522655989864 +/- 0.000912705752426
1.61	0.522638827597 +/- 0.000816221502223
1.62	0.522524222406 +/- 0.000828227369023
1.63	0.521233075015 +/- 0.00097434157103
1.64	0.519061256599 +/- 0.000860957522806
1.65	0.518510266556 +/- 0.000881939416983
1.66	0.516601396717 +/- 0.000954449118122
1.67	0.5163602203 +/- 0.00089671513769
1.68	0.514843322583 +/- 0.000798233414374
1.69	0.514353186691 +/- 0.000843711600742
1.7	0.511835838862 +/- 0.000941150513612
1.71	0.509951081863 +/- 0.000898616732132
1.72	0.508514817078 +/- 0.000824292511884
1.73	0.507083884634 +/- 0.00082700474812
1.74	0.505603253108 +/- 0.000928009889436
1.75	0.502064938113 +/- 0.000807754965039
1.76	0.501279206429 +/- 0.000840280032567
1.77	0.499992451195 +/- 0.000790834288914
1.78	0.495653316345 +/- 0.000831774697964
1.79	0.494185525418 +/- 0.000875102892301
1.8	0.490973778211 +/- 0.000788850243051
1.81	0.485884764436 +/- 0.000780299653335
1.82	0.482273585851 +/- 0.000951868684019
1.83	0.479624253388 +/- 0.000843384362944
1.84	0.47578071809 +/- 0.000837560700899
1.85	0.469727118212 +/- 0.000865846726665
1.86	0.46628615029 +/- 0.000897621836278
1.87	0.460362808097 +/- 0.000914167263247
1.88	0.455330763091 +/- 0.000755570525405
1.89	0.451078165273 +/- 0.000778430236902
1.9	0.444312218335 +/- 0.000886367389988
1.91	0.438136328487 +/- 0.000816354272076
1.92	0.431977461946 +/- 0.000821624314599
1.93	0.426214788502 +/- 0.000809389323393
1.94	0.420494843351 +/- 0.000803041828484
1.95	0.413925137133 +/- 0.000773261469013
1.96	0.408476872947 +/- 0.000754824052966
1.97	0.403818193204 +/- 0.000713837371019
1.98	0.397443169756 +/- 0.000633704414699
1.99	0.394471120663 +/- 0.00067232238537
2.0	0.389784893175 +/- 0.000636932361597
2.01	0.386613877988 +/- 0.000647080791168
2.02	0.381903522195 +/- 0.000546018133672
2.03	0.379406904744 +/- 0.000575308948476
2.04	0.376500013587 +/- 0.000566925860015
2.05	0.372949570522 +/- 0.000587719439051
2.06	0.370954555896 +/- 0.000529254141476
2.07	0.368548986095 +/- 0.000483588947475
2.08	0.366200996526 +/- 0.000482139097162
2.09	0.363632790567 +/- 0.000489430567118
2.1	0.362074036022 +/- 0.000495366831982
2.11	0.361047697501 +/- 0.000406227518411
2.12	0.359838561692 +/- 0.000424953228606
2.13	0.358010543091 +/- 0.000409837546505
2.14	0.356755220273 +/- 0.000390439616688
2.15	0.355205636441 +/- 0.000425300629281
2.16	0.354429198959 +/- 0.000383448787722
2.17	0.353152848938 +/- 0.000382308130815
2.18	0.352535922642 +/- 0.000353378018179
2.19	0.351420321074 +/- 0.000333355219218
2.2	0.351062598657 +/- 0.000315583014228
2.21	0.350740124037 +/- 0.000292929010802
2.22	0.349265752266 +/- 0.000315715174643
2.23	0.34881632202 +/- 0.000307703640454
2.24	0.348574892773 +/- 0.000222200989576
2.25	0.347991847781 +/- 0.000272300017289
2.26	0.347185236883 +/- 0.000269713343079
2.27	0.346688720839 +/- 0.000264775974889
2.28	0.346358183161 +/- 0.000244711936585
2.29	0.345912872025 +/- 0.000258427085036
2.3	0.345843430424 +/- 0.000223882351634
2.31	0.345015939033 +/- 0.000228030917818
2.32	0.344992431642 +/- 0.000226580108189
2.33	0.344645027348 +/- 0.00020276569325
2.34	0.344521278841 +/- 0.00015438092267
2.35	0.343711976985 +/- 0.000186980177891
2.36	0.343597775548 +/- 0.000189622138974
2.37	0.343489800177 +/- 0.000182771980799
2.38	0.343097842179 +/- 0.00017659665547
2.39	0.342953578554 +/- 0.000166505160166
2.4	0.342295990634 +/- 0.000184899986955
2.41	0.342318052356 +/- 0.000160833694951
2.42	0.341920034489 +/- 0.000157910710742
2.43	0.34175157856 +/- 0.000165491071211
2.44	0.341928451589 +/- 0.000138747048689
2.45	0.341193343633 +/- 0.0001840826716
2.46	0.341493297392 +/- 0.000145743688685
2.47	0.341267756317 +/- 0.000139885998443
2.48	0.341237815815 +/- 0.000144660807961
2.49	0.340913120752 +/- 0.000143575341404
2.5	0.340736039153 +/- 0.000136264482498


