# L = 8.0 
# X: J2
# Y: Stiffness
0.1	0.7144875 +/- 0.00237660193161
0.105	0.7208275 +/- 0.00230205472314
0.11	0.721515 +/- 0.00241002133391
0.115	0.7219825 +/- 0.00250891576975
0.12	0.7276225 +/- 0.00245998803923
0.125	0.728285 +/- 0.00233244067886
0.13	0.7323025 +/- 0.00242938397553
0.135	0.7353775 +/- 0.00243656268169
0.14	0.742525 +/- 0.00227979103033
0.145	0.73865 +/- 0.00248503300551
0.15	0.748345 +/- 0.00238411552845
0.155	0.74685 +/- 0.0023795129201
0.16	0.75134 +/- 0.00234602198021
0.165	0.75272 +/- 0.0025495390902
0.17	0.75922 +/- 0.0024294301133
0.175	0.76069 +/- 0.00237720507233
0.18	0.76432 +/- 0.00243222142828
0.185	0.77284 +/- 0.00245422012331
0.19	0.77346 +/- 0.00258122916985
0.195	0.7800125 +/- 0.00250099538228
0.2	0.78126 +/- 0.00238321837417
0.205	0.7890475 +/- 0.00258753324791
0.21	0.7937525 +/- 0.00249731747958
0.215	0.79724 +/- 0.0024303075354
0.22	0.80363 +/- 0.00280111270034
0.225	0.80498 +/- 0.0025718140346
0.23	0.8146525 +/- 0.00248883604505
0.235	0.824205 +/- 0.0025247921342
0.24	0.8235075 +/- 0.00267769935759
0.245	0.83102 +/- 0.00259585312827
0.25	0.8339075 +/- 0.00269213110704
0.255	0.8368925 +/- 0.0026084732366
0.26	0.83833 +/- 0.00289819633757
0.265	0.8541925 +/- 0.00273526180268
0.27	0.85959 +/- 0.00276479384481
0.275	0.85962 +/- 0.00281360069415
0.28	0.8731125 +/- 0.00267881078425
0.285	0.8780475 +/- 0.00288681821566
0.29	0.882085 +/- 0.00280999869225
0.295	0.8942575 +/- 0.00287401330888
0.3	0.8978325 +/- 0.00268557754291
0.305	0.9050175 +/- 0.00290022767457
0.31	0.9050375 +/- 0.00267841876814
0.315	0.9148125 +/- 0.00315689742606
0.32	0.91901 +/- 0.00322947684665
0.325	0.92666 +/- 0.00304883460834
0.33	0.9328 +/- 0.00296415103451
0.335	0.9478475 +/- 0.0029723875671
0.34	0.9528875 +/- 0.00306256312343
0.345	0.9545475 +/- 0.00312228515747
0.35	0.9688575 +/- 0.0030368800792
0.355	0.9783475 +/- 0.00313418077139
0.36	0.98961 +/- 0.00350095327393
0.365	0.9947325 +/- 0.00344924704342
0.37	0.996415 +/- 0.00322543436246
0.375	1.00076 +/- 0.00332318858755
0.38	1.0129325 +/- 0.00354769954906
0.385	1.0236825 +/- 0.00363429495301
0.39	1.0324675 +/- 0.00345472963437
0.395	1.039785 +/- 0.00358442439536
0.4	1.0496525 +/- 0.00349851315011
0.405	1.05528 +/- 0.00285906544069
0.41	1.0578675 +/- 0.00374758776561
0.415	1.077745 +/- 0.00351952730162
0.42	1.0795825 +/- 0.00336608786942
0.425	1.0906625 +/- 0.00342603969573
0.43	1.0915625 +/- 0.00372869336725
0.435	1.107095 +/- 0.00367889998907
0.44	1.1051275 +/- 0.0038278571864
0.445	1.118715 +/- 0.00388157937157
0.45	1.124965 +/- 0.00398462080646
0.455	1.1261475 +/- 0.00376968123411
0.46	1.1403775 +/- 0.00381498502123
0.465	1.1429475 +/- 0.00410041984599
0.47	1.1572975 +/- 0.00385353344106
0.475	1.155315 +/- 0.00400598383743
0.48	1.1622075 +/- 0.00412591408423
0.485	1.1672625 +/- 0.00402171697798
0.49	1.175555 +/- 0.00392739738578
0.495	1.173115 +/- 0.00379961842297
0.5	1.189985 +/- 0.00404642856122
0.505	1.1977275 +/- 0.00382239837598
0.51	1.20033 +/- 0.0044513150287
0.515	1.209405 +/- 0.00398408772816
0.52	1.2122275 +/- 0.00443479648717
0.525	1.21071 +/- 0.00429268183236
0.53	1.2259075 +/- 0.00390983323629
0.535	1.2279125 +/- 0.00409210862891
0.54	1.22635 +/- 0.00386857877094
0.545	1.2440025 +/- 0.00421677177865
0.55	1.2455825 +/- 0.00455263271074
0.555	1.25434 +/- 0.0045696899663
0.56	1.262245 +/- 0.00465315287438
0.565	1.2650675 +/- 0.00406972031383
0.57	1.263645 +/- 0.00439624686528
0.575	1.2734575 +/- 0.00431801205173
0.58	1.27256 +/- 0.00444113073455
0.585	1.283045 +/- 0.00445570791047
0.59	1.28608 +/- 0.00445883138695
0.595	1.2907125 +/- 0.00424989752404
0.6	1.2925575 +/- 0.00434964593135


# L = 10.0 
# X: J2
# Y: Stiffness
0.1	0.56459 +/- 0.00207103828584
0.105	0.57174 +/- 0.00212906149924
0.11	0.5712775 +/- 0.00215776706508
0.115	0.569635 +/- 0.00207754592583
0.12	0.579965 +/- 0.0020381379814
0.125	0.5834375 +/- 0.00219021919134
0.13	0.5884625 +/- 0.00212011737064
0.135	0.59348 +/- 0.00216324096723
0.14	0.59865 +/- 0.00238392677254
0.145	0.604275 +/- 0.00206120177603
0.15	0.61169 +/- 0.00227043361176
0.155	0.615875 +/- 0.00214955611758
0.16	0.6252425 +/- 0.00229278450473
0.165	0.6283775 +/- 0.00242676330054
0.17	0.637025 +/- 0.00241142966722
0.175	0.6393475 +/- 0.00231815368249
0.18	0.650855 +/- 0.0024700745763
0.185	0.656985 +/- 0.00231079974578
0.19	0.6607675 +/- 0.00219104429151
0.195	0.6700675 +/- 0.0022348400686
0.2	0.6767425 +/- 0.00250161800182
0.205	0.684965 +/- 0.0022948448835
0.21	0.694125 +/- 0.00239091529431
0.215	0.7046025 +/- 0.0025225026176
0.22	0.71086 +/- 0.00258393606911
0.225	0.722 +/- 0.0024816730252
0.23	0.72471 +/- 0.00247855801017
0.235	0.7396025 +/- 0.00252670243254
0.24	0.7520175 +/- 0.00270705058711
0.245	0.7617075 +/- 0.00253755102777
0.25	0.7718975 +/- 0.00273107028122
0.255	0.7826575 +/- 0.00249786098778
0.26	0.78757 +/- 0.00264907970952
0.265	0.8035125 +/- 0.00262674652558
0.27	0.8125625 +/- 0.00260154984782
0.275	0.8214625 +/- 0.00301892726286
0.28	0.82951 +/- 0.00295000043625
0.285	0.855245 +/- 0.00279814092074
0.29	0.8496175 +/- 0.00296631573687
0.295	0.865395 +/- 0.00307736044545
0.3	0.885235 +/- 0.00296837511901
0.305	0.8999375 +/- 0.00296719864739
0.31	0.9083 +/- 0.00336280980511
0.315	0.918325 +/- 0.00303311439351
0.32	0.939415 +/- 0.00310380780446
0.325	0.9449 +/- 0.00316268067254
0.33	0.96137 +/- 0.00308909555032
0.335	0.974115 +/- 0.00327839728569
0.34	0.988405 +/- 0.00333614003088
0.345	1.004305 +/- 0.00330172659557
0.35	1.01176 +/- 0.00359816287896
0.355	1.03156 +/- 0.00334095022363
0.36	1.046855 +/- 0.00335453802815
0.365	1.060445 +/- 0.00396802379598
0.37	1.0708125 +/- 0.00380641415127
0.375	1.089095 +/- 0.0035542730744
0.38	1.0979875 +/- 0.00397169841327
0.385	1.1119525 +/- 0.00379097023492
0.39	1.1255 +/- 0.00412895276753
0.395	1.13389 +/- 0.00389051436336
0.4	1.1519925 +/- 0.00422105144026
0.405	1.1694675 +/- 0.0044546851266
0.41	1.174905 +/- 0.00432821081859
0.415	1.1947925 +/- 0.00423197901206
0.42	1.206785 +/- 0.0043302190236
0.425	1.2262075 +/- 0.00402899603
0.43	1.23446 +/- 0.00407004633917
0.435	1.2427225 +/- 0.00447028526285
0.44	1.2552825 +/- 0.00430251861146
0.445	1.2658075 +/- 0.00439417293069
0.45	1.2785375 +/- 0.00416431785174
0.455	1.2881875 +/- 0.00458438243615
0.46	1.3032575 +/- 0.00455602892511
0.465	1.30789 +/- 0.00448191247993
0.47	1.3201325 +/- 0.00439511941973
0.475	1.330955 +/- 0.00468080584565
0.48	1.3431175 +/- 0.00479252875949
0.485	1.3541325 +/- 0.00450894946893
0.49	1.35815 +/- 0.0047420685427
0.495	1.36838 +/- 0.00462930563156
0.5	1.3800125 +/- 0.00464347960478
0.505	1.38909 +/- 0.00452462003968
0.51	1.40042 +/- 0.0046128520522
0.515	1.408885 +/- 0.00476811173028
0.52	1.4173875 +/- 0.00481394622749
0.525	1.4230975 +/- 0.0052242295316
0.53	1.429455 +/- 0.0051859925595
0.535	1.4411325 +/- 0.00559358420139
0.54	1.4531825 +/- 0.00531778301448
0.545	1.44687 +/- 0.00510689758318
0.55	1.45264 +/- 0.00503042390061
0.555	1.4665475 +/- 0.00514550541596
0.56	1.47201 +/- 0.00555280936016
0.565	1.4773775 +/- 0.00497956001408
0.57	1.4982525 +/- 0.0055060997336
0.575	1.48709 +/- 0.0048260921894
0.58	1.496155 +/- 0.00563283555315
0.585	1.50839 +/- 0.00525649433287
0.59	1.5107 +/- 0.00500564415218
0.595	1.52201 +/- 0.00556946687404
0.6	1.5230025 +/- 0.00515906616107


# L = 12.0 
# X: J2
# Y: Stiffness
0.1	0.42046 +/- 0.00175841706386
0.105	0.4268525 +/- 0.00187337329108
0.11	0.4268425 +/- 0.00172689024457
0.115	0.4346675 +/- 0.00174069046623
0.12	0.44387 +/- 0.00180424178965
0.125	0.442745 +/- 0.00181366722594
0.13	0.4539175 +/- 0.00187622252369
0.135	0.457095 +/- 0.00190954234882
0.14	0.467885 +/- 0.00203504235112
0.145	0.474295 +/- 0.00193064593231
0.15	0.4783775 +/- 0.00198200047582
0.155	0.491805 +/- 0.00189712449191
0.16	0.4961775 +/- 0.0021230204524
0.165	0.505525 +/- 0.00193191914957
0.17	0.511595 +/- 0.00203113119921
0.175	0.521185 +/- 0.00196775575576
0.18	0.5309025 +/- 0.00216171123872
0.185	0.5416875 +/- 0.0019144751384
0.19	0.554265 +/- 0.00211966071321
0.195	0.562285 +/- 0.00200247690915
0.2	0.5736475 +/- 0.00208685003335
0.205	0.5825925 +/- 0.00213925154823
0.21	0.59436 +/- 0.00226019471887
0.215	0.6059625 +/- 0.002480426269
0.22	0.6131 +/- 0.00222991937385
0.225	0.628675 +/- 0.00240915938388
0.23	0.6468475 +/- 0.00271556546459
0.235	0.65575 +/- 0.00245431994495
0.24	0.669225 +/- 0.00250732531249
0.245	0.6821675 +/- 0.00258272674003
0.25	0.7018975 +/- 0.00248014284568
0.255	0.712605 +/- 0.00255099365147
0.26	0.7331125 +/- 0.00270376042513
0.265	0.746355 +/- 0.00267854060588
0.27	0.7599225 +/- 0.00278091801082
0.275	0.7728375 +/- 0.00272637664422
0.28	0.79241 +/- 0.00291624508365
0.285	0.8145475 +/- 0.00262914024827
0.29	0.824455 +/- 0.00291229691722
0.295	0.8400825 +/- 0.00290358534845
0.3	0.8649925 +/- 0.003104493384
0.305	0.8789775 +/- 0.00332016188033
0.31	0.89631 +/- 0.00311237386492
0.315	0.9261225 +/- 0.00346501753559
0.32	0.9343375 +/- 0.00339135333645
0.325	0.97033 +/- 0.00343398948282
0.33	0.9869625 +/- 0.00368158313314
0.335	1.000595 +/- 0.00362100300013
0.34	1.0242025 +/- 0.00405432462253
0.345	1.04937 +/- 0.00400827671838
0.35	1.0669575 +/- 0.0036466581386
0.355	1.0896725 +/- 0.00386596636188
0.36	1.10845 +/- 0.00378033464189
0.365	1.13403 +/- 0.00390034176349
0.37	1.151635 +/- 0.00414456430746
0.375	1.1806425 +/- 0.00409428145198
0.38	1.18986 +/- 0.0043083466737
0.385	1.207835 +/- 0.00407796318992
0.39	1.2337775 +/- 0.00470535573882
0.395	1.249215 +/- 0.0043849385351
0.4	1.2715425 +/- 0.00426526094151
0.405	1.29393 +/- 0.00445556758494
0.41	1.304135 +/- 0.00483648739434
0.415	1.3244675 +/- 0.00490979340828
0.42	1.34723 +/- 0.00451716609252
0.425	1.3706975 +/- 0.00494278064
0.43	1.374605 +/- 0.00465650519735
0.435	1.389615 +/- 0.00520537453407
0.44	1.4126675 +/- 0.0048773896517
0.445	1.430365 +/- 0.00492487171737
0.45	1.4438725 +/- 0.00437571565932
0.455	1.4622675 +/- 0.0055280224673
0.46	1.4789 +/- 0.00522038485827
0.465	1.47273 +/- 0.0047687588536
0.47	1.503675 +/- 0.00536041699968
0.475	1.5107675 +/- 0.00525809262889
0.48	1.5194725 +/- 0.00527081394718
0.485	1.5291625 +/- 0.00545846813632
0.49	1.5485475 +/- 0.00550907789402
0.495	1.55943 +/- 0.00540999360658
0.5	1.5768525 +/- 0.00544977326574
0.505	1.5888575 +/- 0.00521217590331
0.51	1.601055 +/- 0.00502241227713
0.515	1.6106975 +/- 0.00540570199755
0.52	1.6182225 +/- 0.00559091130266
0.525	1.6317275 +/- 0.00593568985952
0.53	1.6429825 +/- 0.00592592677484
0.535	1.655115 +/- 0.00575859497927
0.54	1.6649375 +/- 0.00569315893418
0.545	1.6711125 +/- 0.00536880407779
0.55	1.67676 +/- 0.00625705355763
0.555	1.6852325 +/- 0.00533283049123
0.56	1.6932375 +/- 0.00560901690832
0.565	1.7200725 +/- 0.00629836082852
0.57	1.71727 +/- 0.00668777516738
0.575	1.72067 +/- 0.00633321618136
0.58	1.7385925 +/- 0.00588943452406
0.585	1.7404725 +/- 0.00588419009375
0.59	1.7450375 +/- 0.00649802775272
0.595	1.77417 +/- 0.0065486378957
0.6	1.770715 +/- 0.00642800461617


# L = 16.0 
# X: J2
# Y: Stiffness
0.1	0.21064 +/- 0.00129142180951
0.105	0.2140025 +/- 0.0013373150939
0.11	0.2211175 +/- 0.00130359999009
0.115	0.2255675 +/- 0.00134953371747
0.12	0.2319625 +/- 0.00137734725732
0.125	0.2379875 +/- 0.00135912762158
0.13	0.2461 +/- 0.00131667258576
0.135	0.251495 +/- 0.00147381016919
0.14	0.26216 +/- 0.00139621041982
0.145	0.26887 +/- 0.00135967990229
0.15	0.2752775 +/- 0.00148886724095
0.155	0.286205 +/- 0.00164963750916
0.16	0.2966225 +/- 0.00156744587079
0.165	0.30383 +/- 0.00154362837374
0.17	0.31924 +/- 0.00151146278378
0.175	0.3284275 +/- 0.00158767698761
0.18	0.3359125 +/- 0.00162110013767
0.185	0.3503875 +/- 0.00167466428044
0.19	0.36208 +/- 0.00179207760602
0.195	0.37641 +/- 0.00177257547861
0.2	0.3919025 +/- 0.00192779067635
0.205	0.4058925 +/- 0.00177828980371
0.21	0.42418 +/- 0.00183558738004
0.215	0.43527 +/- 0.00191227848791
0.22	0.45609 +/- 0.00195662589158
0.225	0.47067 +/- 0.00202883343175
0.23	0.4878975 +/- 0.00195566869245
0.235	0.507545 +/- 0.00215718179901
0.24	0.527295 +/- 0.002432719854
0.245	0.5434375 +/- 0.00217825575755
0.25	0.5680825 +/- 0.00211275013169
0.255	0.5884225 +/- 0.00202907780797
0.26	0.60876 +/- 0.00232663907476
0.265	0.6364425 +/- 0.00264313595126
0.27	0.6608625 +/- 0.0028340098991
0.275	0.6846375 +/- 0.00264749455444
0.28	0.7157725 +/- 0.00272968695518
0.285	0.7455325 +/- 0.00290015233935
0.29	0.7684725 +/- 0.00298436135357
0.295	0.803545 +/- 0.00286938323977
0.3	0.82962 +/- 0.00292235127048
0.305	0.860905 +/- 0.00335432470572
0.31	0.8943625 +/- 0.00347333366193
0.315	0.93896 +/- 0.0033861106713
0.32	0.96513 +/- 0.00369352547835
0.325	0.99971 +/- 0.00353735155879
0.33	1.0370025 +/- 0.00363845150389
0.335	1.0742 +/- 0.00355373553105
0.34	1.112635 +/- 0.00418024061957
0.345	1.15345 +/- 0.00392976668227
0.35	1.1867975 +/- 0.00426771833436
0.355	1.2264925 +/- 0.00440384725385
0.36	1.25864 +/- 0.0045560038974
0.365	1.2962425 +/- 0.00480564438191
0.37	1.3365725 +/- 0.00509501104764
0.375	1.376925 +/- 0.00515806448003
0.38	1.4091975 +/- 0.00519001382181
0.385	1.434795 +/- 0.00520930245561
0.39	1.4598175 +/- 0.00564515238102
0.395	1.4871075 +/- 0.00506498536015
0.4	1.52128 +/- 0.00541688343723
0.405	1.5596 +/- 0.00613270604411
0.41	1.5862525 +/- 0.00568372398357
0.415	1.6057925 +/- 0.0054492859079
0.42	1.6293275 +/- 0.00596980645383
0.425	1.6668475 +/- 0.00538150326491
0.43	1.68903 +/- 0.0059103806937
0.435	1.709295 +/- 0.00591512497359
0.44	1.73654 +/- 0.00642923930706
0.445	1.7680925 +/- 0.00627451034601
0.45	1.7794675 +/- 0.00593996536617
0.455	1.8042425 +/- 0.00719192648013
0.46	1.8339725 +/- 0.00666330178727
0.465	1.85173 +/- 0.00683247850322
0.47	1.8721525 +/- 0.00667551694383
0.475	1.88651 +/- 0.00642705173561
0.48	1.901 +/- 0.00682279249197
0.485	1.933125 +/- 0.00700146704443
0.49	1.939435 +/- 0.00678232955953
0.495	1.9586325 +/- 0.00651340241888
0.5	1.97221 +/- 0.00772446974324
0.505	1.989775 +/- 0.00731900555316
0.51	1.9961525 +/- 0.00717226669756
0.515	2.03407 +/- 0.00690161726477
0.52	2.049495 +/- 0.00781717989376
0.525	2.0686825 +/- 0.00666424826032
0.53	2.07306 +/- 0.00718764942372
0.535	2.10362 +/- 0.00757006058178
0.54	2.09825 +/- 0.00815358009154
0.545	2.119355 +/- 0.00756925344684
0.55	2.11911 +/- 0.00769820845896
0.555	2.1396075 +/- 0.00745855559378
0.56	2.15792 +/- 0.00747540496736
0.565	2.180515 +/- 0.00788957667722
0.57	2.19111 +/- 0.00841584645725
0.575	2.20213 +/- 0.00838247100499
0.58	2.2128025 +/- 0.00810813191506
0.585	2.2204275 +/- 0.007552573027
0.59	2.22675 +/- 0.00757042956129
0.595	2.23554 +/- 0.00782102460436
0.6	2.2588325 +/- 0.0085850724753


