# L = 8.0 
# X: J2
# Y: Stiffness
1.5	1.178285 +/- 0.00421652330328
1.51	1.16752 +/- 0.00429204516074
1.52	1.151555 +/- 0.00386144006773
1.53	1.1450275 +/- 0.00366230129449
1.54	1.1268325 +/- 0.00424697743183
1.55	1.1093525 +/- 0.00381550168391
1.56	1.1091125 +/- 0.00402709632477
1.57	1.0945525 +/- 0.00374845079048
1.58	1.08063 +/- 0.00375203735485
1.59	1.07553 +/- 0.00372897355128
1.6	1.056945 +/- 0.00371034800047
1.61	1.0495975 +/- 0.00362128116315
1.62	1.036815 +/- 0.00354414576802
1.63	1.018845 +/- 0.00338869872024
1.64	1.009705 +/- 0.00386008809997
1.65	0.99398 +/- 0.00346110305486
1.66	0.975895 +/- 0.00348066444562
1.67	0.96869 +/- 0.00350881387626
1.68	0.952595 +/- 0.00340589975066
1.69	0.9426475 +/- 0.00377826594477
1.7	0.9285275 +/- 0.00356129399532
1.71	0.9144825 +/- 0.00314360256338
1.72	0.89397 +/- 0.00351413847593
1.73	0.8789925 +/- 0.00346212923658
1.74	0.86763 +/- 0.00343862136936
1.75	0.853815 +/- 0.00322574849
1.76	0.8318775 +/- 0.00364407666176
1.77	0.8135675 +/- 0.00365756386348
1.78	0.7978425 +/- 0.00298310191128
1.79	0.7848675 +/- 0.00321340219418
1.8	0.7681675 +/- 0.00323428770362
1.81	0.75342 +/- 0.00323881110398
1.82	0.73271 +/- 0.00298907658403
1.83	0.7124275 +/- 0.00309714546101
1.84	0.7001825 +/- 0.00275857572525
1.85	0.6810225 +/- 0.00320754691066
1.86	0.664455 +/- 0.00290034647959
1.87	0.6494975 +/- 0.00276358348795
1.88	0.633915 +/- 0.00292450366788
1.89	0.6113475 +/- 0.00266701881316
1.9	0.5979875 +/- 0.00266609983618
1.91	0.5772125 +/- 0.00278138800914
1.92	0.55874 +/- 0.00253350278217
1.93	0.549215 +/- 0.00275033266256
1.94	0.5311525 +/- 0.00296512157466
1.95	0.5153625 +/- 0.00264990495464
1.96	0.5002825 +/- 0.00259819089857
1.97	0.4801275 +/- 0.00253485606508
1.98	0.4661275 +/- 0.00270789104808
1.99	0.4492675 +/- 0.00251720179897
2.0	0.43159 +/- 0.00223731401797
2.01	0.4157325 +/- 0.00243362340877
2.02	0.401345 +/- 0.00220688181425
2.03	0.3890575 +/- 0.00237107773803
2.04	0.3772075 +/- 0.00244115778058
2.05	0.363535 +/- 0.00211609246447
2.06	0.355035 +/- 0.00208519994221
2.07	0.33744 +/- 0.00214046493044
2.08	0.320815 +/- 0.00203457846531
2.09	0.3137525 +/- 0.00187190944342
2.1	0.3041875 +/- 0.00200855092584
2.11	0.2919775 +/- 0.00190493840447
2.12	0.277085 +/- 0.0019162401653
2.13	0.2702075 +/- 0.00177475988881
2.14	0.258755 +/- 0.00182599302858
2.15	0.2492325 +/- 0.00155681140438
2.16	0.239975 +/- 0.00165265268055
2.17	0.22998 +/- 0.0016976740019
2.18	0.2239125 +/- 0.00157536163444
2.19	0.21656 +/- 0.00152559011094
2.2	0.2054375 +/- 0.00165048280586
2.21	0.1978225 +/- 0.00148335694919
2.22	0.188775 +/- 0.00135355445516
2.23	0.1823725 +/- 0.00137916758303
2.24	0.178045 +/- 0.00151873793036
2.25	0.1697 +/- 0.00137843685721
2.26	0.16379 +/- 0.00135635188359
2.27	0.1566075 +/- 0.00117205866679
2.28	0.1512725 +/- 0.00119587521399
2.29	0.1454125 +/- 0.00123445726543
2.3	0.141055 +/- 0.00121718955107
2.31	0.135505 +/- 0.00120672382098
2.32	0.1303275 +/- 0.00108205591936
2.33	0.126505 +/- 0.00116900176103
2.34	0.1222375 +/- 0.00109583413298
2.35	0.1161225 +/- 0.00102498087772
2.36	0.1121825 +/- 0.00102225948743
2.37	0.107335 +/- 0.000990438938772
2.38	0.1027525 +/- 0.00102934345393
2.39	0.099685 +/- 0.000885277887086
2.4	0.097715 +/- 0.00100649380896
2.41	0.094775 +/- 0.000890744238882
2.42	0.0885775 +/- 0.000894915317164
2.43	0.0869675 +/- 0.000907953341925
2.44	0.083095 +/- 0.000929049940237
2.45	0.080385 +/- 0.000864687074592
2.46	0.0776375 +/- 0.000861408206
2.47	0.0752075 +/- 0.000794540808065
2.48	0.072735 +/- 0.000785593088586
2.49	0.07032 +/- 0.000772936181752
2.5	0.0676375 +/- 0.000812038870813


# L = 10.0 
# X: J2
# Y: Stiffness
1.5	1.3968175 +/- 0.00457865944073
1.51	1.38151 +/- 0.00483533940854
1.52	1.3715275 +/- 0.00436408036927
1.53	1.35343 +/- 0.00446943236563
1.54	1.3409725 +/- 0.00465123449881
1.55	1.3231425 +/- 0.00477908175053
1.56	1.31661 +/- 0.00457237584902
1.57	1.2944025 +/- 0.00425197416345
1.58	1.2780825 +/- 0.0048913755755
1.59	1.273325 +/- 0.00402556941662
1.6	1.247915 +/- 0.00405442538551
1.61	1.2309075 +/- 0.00398552961531
1.62	1.214 +/- 0.00430034054424
1.63	1.2033525 +/- 0.00418962221604
1.64	1.1831925 +/- 0.00400724720795
1.65	1.1687925 +/- 0.00414716901203
1.66	1.14182 +/- 0.00428565434337
1.67	1.1345175 +/- 0.00369319372029
1.68	1.112295 +/- 0.00375029310794
1.69	1.085105 +/- 0.00382954585853
1.7	1.0739675 +/- 0.00405559334381
1.71	1.0498275 +/- 0.00354584672066
1.72	1.027025 +/- 0.00374913532589
1.73	1.0081625 +/- 0.00370939419949
1.74	0.993525 +/- 0.00376591329349
1.75	0.96683 +/- 0.00351901214216
1.76	0.9482675 +/- 0.00391058645321
1.77	0.923145 +/- 0.00400361376757
1.78	0.897465 +/- 0.00333695046821
1.79	0.8783425 +/- 0.00344194070295
1.8	0.8579775 +/- 0.00337519467173
1.81	0.8297 +/- 0.00318389831981
1.82	0.80518 +/- 0.00320044827233
1.83	0.7777475 +/- 0.00318967073034
1.84	0.7591575 +/- 0.00320821935836
1.85	0.73097 +/- 0.00329438215663
1.86	0.71072 +/- 0.00300081802854
1.87	0.68248 +/- 0.00313478576413
1.88	0.65821 +/- 0.00297579428518
1.89	0.6400475 +/- 0.00307143870241
1.9	0.6099925 +/- 0.00288286963787
1.91	0.58511 +/- 0.0027129239142
1.92	0.5606925 +/- 0.00272754152648
1.93	0.53451 +/- 0.0028209232355
1.94	0.51575 +/- 0.0027271320302
1.95	0.4968625 +/- 0.00288934246685
1.96	0.4712625 +/- 0.00251551664719
1.97	0.455465 +/- 0.00264825201044
1.98	0.43089 +/- 0.0024189284534
1.99	0.4073775 +/- 0.00227114790187
2.0	0.3891225 +/- 0.00222752704211
2.01	0.3688825 +/- 0.0022405967415
2.02	0.3515925 +/- 0.00213136626444
2.03	0.33415 +/- 0.00205399752429
2.04	0.317395 +/- 0.00203562272261
2.05	0.3032375 +/- 0.00200548917453
2.06	0.2900125 +/- 0.00178517852195
2.07	0.2748175 +/- 0.00180139965293
2.08	0.2618075 +/- 0.00191919468926
2.09	0.2448225 +/- 0.00162773624781
2.1	0.2351275 +/- 0.00156380330894
2.11	0.220635 +/- 0.00160667339705
2.12	0.2098375 +/- 0.0016950473398
2.13	0.195875 +/- 0.00147815165875
2.14	0.18642 +/- 0.00157595530331
2.15	0.1803175 +/- 0.00154793770015
2.16	0.17126 +/- 0.00132612592848
2.17	0.160695 +/- 0.00131119250692
2.18	0.1531175 +/- 0.00131462811591
2.19	0.14403 +/- 0.00118318342708
2.2	0.1389375 +/- 0.00121832590308
2.21	0.1318825 +/- 0.00118545221272
2.22	0.1234625 +/- 0.00115343223973
2.23	0.1176875 +/- 0.00108153791778
2.24	0.112815 +/- 0.00119466783825
2.25	0.104835 +/- 0.000992151055906
2.26	0.099775 +/- 0.000984466712095
2.27	0.0952375 +/- 0.000913637241052
2.28	0.0896875 +/- 0.000971475876458
2.29	0.0870525 +/- 0.000936415094041
2.3	0.0813475 +/- 0.000853810980298
2.31	0.0775225 +/- 0.000856520084046
2.32	0.074295 +/- 0.000791194529549
2.33	0.071765 +/- 0.000842993284258
2.34	0.06733 +/- 0.000725294764778
2.35	0.063825 +/- 0.000739106921419
2.36	0.0605525 +/- 0.000702188576904
2.37	0.05707 +/- 0.000668965439193
2.38	0.0547775 +/- 0.000688882559442
2.39	0.05166 +/- 0.000651145223506
2.4	0.0496075 +/- 0.000649207166344
2.41	0.0470125 +/- 0.000618212838668
2.42	0.0445 +/- 0.000597423542132
2.43	0.0435 +/- 0.000587386381582
2.44	0.0424225 +/- 0.000632832074345
2.45	0.038885 +/- 0.000594972392223
2.46	0.037475 +/- 0.000514452058918
2.47	0.0358275 +/- 0.000482993087343
2.48	0.0329725 +/- 0.000506828355022
2.49	0.0313725 +/- 0.000517810717375
2.5	0.0308 +/- 0.000485691009382


# L = 12.0 
# X: J2
# Y: Stiffness
1.5	1.6227375 +/- 0.00587645421446
1.51	1.59202 +/- 0.00529803857637
1.52	1.5921875 +/- 0.0056741378647
1.53	1.5722175 +/- 0.00498644227095
1.54	1.5623775 +/- 0.00534397774325
1.55	1.53328 +/- 0.00478552171727
1.56	1.519535 +/- 0.00532794145976
1.57	1.500645 +/- 0.00509716992364
1.58	1.4792975 +/- 0.00516301271789
1.59	1.4592975 +/- 0.00478611621107
1.6	1.4563125 +/- 0.00532672705153
1.61	1.4288225 +/- 0.00513257065859
1.62	1.4045075 +/- 0.00492433920379
1.63	1.372955 +/- 0.00529216396044
1.64	1.36804 +/- 0.00534348197014
1.65	1.34311 +/- 0.00431427174539
1.66	1.3075 +/- 0.00448545394204
1.67	1.2914325 +/- 0.00457142788845
1.68	1.2738475 +/- 0.00474326679456
1.69	1.24726 +/- 0.0038148780186
1.7	1.220765 +/- 0.00394283365477
1.71	1.19328 +/- 0.00424015010966
1.72	1.16438 +/- 0.00404664110061
1.73	1.14227 +/- 0.00410306423271
1.74	1.11064 +/- 0.00387052762034
1.75	1.085985 +/- 0.00411692070928
1.76	1.0606375 +/- 0.00438235498118
1.77	1.0353025 +/- 0.00392453111084
1.78	1.0005175 +/- 0.0039437722947
1.79	0.9714475 +/- 0.0035141805164
1.8	0.940115 +/- 0.00399633098347
1.81	0.9133425 +/- 0.00359696438751
1.82	0.8824275 +/- 0.00382764605106
1.83	0.847515 +/- 0.0034976159268
1.84	0.810685 +/- 0.00337620470005
1.85	0.7901225 +/- 0.00324167793383
1.86	0.7472875 +/- 0.00342975432452
1.87	0.72188 +/- 0.00343151781948
1.88	0.685415 +/- 0.0032589775422
1.89	0.6559875 +/- 0.00336525981449
1.9	0.6183325 +/- 0.00330684804663
1.91	0.5919725 +/- 0.00300761522218
1.92	0.55924 +/- 0.00287115224387
1.93	0.52802 +/- 0.00308540877235
1.94	0.5084325 +/- 0.00277176342648
1.95	0.46851 +/- 0.00253127592172
1.96	0.4429125 +/- 0.00254219046186
1.97	0.41498 +/- 0.00252241470701
1.98	0.391785 +/- 0.00251751783193
1.99	0.3660625 +/- 0.0022692992812
2.0	0.347305 +/- 0.00224463072399
2.01	0.3199725 +/- 0.0022823088272
2.02	0.298065 +/- 0.0020603768843
2.03	0.279285 +/- 0.00196305303254
2.04	0.262275 +/- 0.00186955636298
2.05	0.2461225 +/- 0.00185630908437
2.06	0.2279 +/- 0.0018747721928
2.07	0.213965 +/- 0.00175444062787
2.08	0.20162 +/- 0.00145595929867
2.09	0.18636 +/- 0.00142841753122
2.1	0.173685 +/- 0.00141477029934
2.11	0.1626275 +/- 0.00137157879554
2.12	0.15451 +/- 0.00137541582197
2.13	0.143125 +/- 0.0012428340831
2.14	0.1321725 +/- 0.00109681372026
2.15	0.1246775 +/- 0.00113650228722
2.16	0.1167775 +/- 0.00118441408028
2.17	0.1098125 +/- 0.00103078799316
2.18	0.1032025 +/- 0.00102200241126
2.19	0.094435 +/- 0.000990535950393
2.2	0.08865 +/- 0.000929881645173
2.21	0.0839575 +/- 0.000821504651664
2.22	0.0773375 +/- 0.000814975420047
2.23	0.073285 +/- 0.000774328002061
2.24	0.0686775 +/- 0.000716239324714
2.25	0.0646775 +/- 0.000786796419978
2.26	0.0608325 +/- 0.000747952814567
2.27	0.0565625 +/- 0.000700917969343
2.28	0.0523725 +/- 0.000715919766623
2.29	0.0505525 +/- 0.000632613496248
2.3	0.0465 +/- 0.000655030483944
2.31	0.0442825 +/- 0.000600542906728
2.32	0.040755 +/- 0.000579643790718
2.33	0.0392425 +/- 0.000652690159122
2.34	0.03571 +/- 0.000484475167872
2.35	0.034575 +/- 0.000495210854335
2.36	0.0323225 +/- 0.000520565119001
2.37	0.0302675 +/- 0.000452406795438
2.38	0.028625 +/- 0.000439422491768
2.39	0.027235 +/- 0.000500511721665
2.4	0.02516 +/- 0.000455490688459
2.41	0.0239425 +/- 0.000434024067482
2.42	0.0227075 +/- 0.000402933749471
2.43	0.020995 +/- 0.000404434225516
2.44	0.01926 +/- 0.000388233531449
2.45	0.018295 +/- 0.000370128815778
2.46	0.0176775 +/- 0.000351357310183
2.47	0.0161725 +/- 0.000372769451865
2.48	0.01623 +/- 0.000355715054853
2.49	0.0150475 +/- 0.000320934737803
2.5	0.0144775 +/- 0.000352293232351


# L = 16.0 
# X: J2
# Y: Stiffness
1.5	2.07146 +/- 0.00679946313176
1.51	2.0485725 +/- 0.00747615353978
1.52	2.025795 +/- 0.00720178087075
1.53	2.0232825 +/- 0.00730569481094
1.54	1.986835 +/- 0.00624922073941
1.55	1.9665925 +/- 0.00649514989854
1.56	1.946675 +/- 0.00637926550432
1.57	1.9215925 +/- 0.00688585036482
1.58	1.893015 +/- 0.00634281842858
1.59	1.864215 +/- 0.00595315106432
1.6	1.8376275 +/- 0.00658505669586
1.61	1.819315 +/- 0.00616282151067
1.62	1.78044 +/- 0.00657472396518
1.63	1.749975 +/- 0.00550933719907
1.64	1.7323325 +/- 0.0061045830293
1.65	1.699385 +/- 0.00632244079836
1.66	1.6635725 +/- 0.00664027550116
1.67	1.6236175 +/- 0.00575566223473
1.68	1.6030075 +/- 0.00530958896574
1.69	1.5695775 +/- 0.00530612591698
1.7	1.5344675 +/- 0.00502715722362
1.71	1.4918575 +/- 0.0053207145863
1.72	1.4618975 +/- 0.00522858232826
1.73	1.4286975 +/- 0.00549360411668
1.74	1.382465 +/- 0.00494334480604
1.75	1.346715 +/- 0.00485437922687
1.76	1.307305 +/- 0.00463146427878
1.77	1.2682775 +/- 0.00437444342269
1.78	1.2298225 +/- 0.00435715597612
1.79	1.179545 +/- 0.00452885621695
1.8	1.138735 +/- 0.00420145517039
1.81	1.0884925 +/- 0.00392937191792
1.82	1.048005 +/- 0.00398756723621
1.83	0.9935925 +/- 0.00407657033726
1.84	0.943875 +/- 0.00380249686645
1.85	0.895155 +/- 0.00343722382959
1.86	0.8489 +/- 0.00420778661266
1.87	0.79779 +/- 0.00369930652116
1.88	0.74386 +/- 0.00322894012508
1.89	0.69612 +/- 0.00332329333216
1.9	0.645055 +/- 0.00330852671108
1.91	0.597055 +/- 0.0032669365978
1.92	0.545175 +/- 0.00292820306576
1.93	0.50577 +/- 0.0026596090966
1.94	0.4640175 +/- 0.00276848292675
1.95	0.42358 +/- 0.00268982280914
1.96	0.3796575 +/- 0.0022728696295
1.97	0.3462975 +/- 0.00219043837689
1.98	0.3154825 +/- 0.00201360737954
1.99	0.2861325 +/- 0.00200524490542
2.0	0.258995 +/- 0.00182511260198
2.01	0.2347275 +/- 0.00169730134737
2.02	0.212735 +/- 0.00158880634331
2.03	0.190625 +/- 0.00147231605272
2.04	0.1734575 +/- 0.00154616838679
2.05	0.155465 +/- 0.00141886446578
2.06	0.142415 +/- 0.00134783991307
2.07	0.1283725 +/- 0.00122909126587
2.08	0.1157875 +/- 0.00109620097637
2.09	0.1062475 +/- 0.00103949080489
2.1	0.0954125 +/- 0.000940878823076
2.11	0.0856425 +/- 0.000889615792318
2.12	0.0789875 +/- 0.000812348070719
2.13	0.0706025 +/- 0.00083296143758
2.14	0.0649 +/- 0.000707736989987
2.15	0.05894 +/- 0.000668319263846
2.16	0.0538 +/- 0.000656882875356
2.17	0.0485575 +/- 0.000657334598625
2.18	0.0446 +/- 0.00063627167045
2.19	0.0414975 +/- 0.000576448343763
2.2	0.0376625 +/- 0.000622743594862
2.21	0.0330625 +/- 0.000505294915776
2.22	0.03162 +/- 0.000507090191084
2.23	0.0285325 +/- 0.000467797897653
2.24	0.0262025 +/- 0.000431299254986
2.25	0.02318 +/- 0.000425301368741
2.26	0.02053 +/- 0.000373964307749
2.27	0.0197725 +/- 0.00036563765423
2.28	0.01747 +/- 0.000350654282248
2.29	0.01641 +/- 0.000343622491776
2.3	0.01484 +/- 0.000343048917009
2.31	0.0136025 +/- 0.000300821542441
2.32	0.01342 +/- 0.000336766582325
2.33	0.01125 +/- 0.000288780337493
2.34	0.0107175 +/- 0.000315458890445
2.35	0.009605 +/- 0.000255713340325
2.36	0.0093675 +/- 0.000278128600454
2.37	0.00764 +/- 0.000244750050863
2.38	0.00721 +/- 0.000244316658615
2.39	0.007125 +/- 0.00023266039707
2.4	0.0062825 +/- 0.000237600216093
2.41	0.0063325 +/- 0.000217074018689
2.42	0.005345 +/- 0.000195680150816
2.43	0.0054175 +/- 0.000217546235661
2.44	0.0046125 +/- 0.000187063118115
2.45	0.00448 +/- 0.000180963061093
2.46	0.00392 +/- 0.000173438737867
2.47	0.0036775 +/- 0.000167478377978
2.48	0.0032575 +/- 0.000152568709535
2.49	0.0030775 +/- 0.000136582813988
2.5	0.0029525 +/- 0.000150217576178


