# L = 8.0 
# X: J2
# Y: Staggered Susceptibility
0.1	13.4414306818 +/- 0.0280594078014
0.105	13.7509905436 +/- 0.0288019154449
0.11	14.0746833862 +/- 0.028930299386
0.115	14.5232538128 +/- 0.032744119367
0.12	14.873304984 +/- 0.0323959454335
0.125	15.2379583693 +/- 0.0340389145449
0.13	15.754207667 +/- 0.0361294628777
0.135	16.220489191 +/- 0.0350826358582
0.14	16.6126366646 +/- 0.0408486520039
0.145	17.1014982004 +/- 0.041986565233
0.15	17.4961674292 +/- 0.0419608331776
0.155	18.0684052898 +/- 0.0432182227552
0.16	18.5149367622 +/- 0.0462941281606
0.165	19.0784888287 +/- 0.0497013943717
0.17	19.7449294854 +/- 0.0548408175328
0.175	20.1947488729 +/- 0.0533066641468
0.18	20.8213058937 +/- 0.0603094729795
0.185	21.484779091 +/- 0.0629664121548
0.19	21.9558643658 +/- 0.05747427295
0.195	22.8072995604 +/- 0.0680919364191
0.2	23.3915063031 +/- 0.0657022010358
0.205	24.2004116306 +/- 0.0767057859974
0.21	25.0403280213 +/- 0.0895180344097
0.215	25.6773043911 +/- 0.0817976825685
0.22	26.5780469008 +/- 0.099087744736
0.225	27.4917315955 +/- 0.0895925225971
0.23	28.2555391652 +/- 0.100083731161
0.235	29.2667095481 +/- 0.102864915423
0.24	30.1974987355 +/- 0.110203982846
0.245	31.1560140707 +/- 0.103536474811
0.25	32.1860775906 +/- 0.122829767603
0.255	32.956282618 +/- 0.130500221892
0.26	34.220128889 +/- 0.132856144562
0.265	35.401770607 +/- 0.132243688422
0.27	36.5373184908 +/- 0.137284056611
0.275	37.5368492757 +/- 0.146119646284
0.28	38.9267983756 +/- 0.150500788283
0.285	40.3581132545 +/- 0.1692256297
0.29	41.5870107133 +/- 0.158341545752
0.295	42.7980588805 +/- 0.168286139937
0.3	44.4805513955 +/- 0.191533727492
0.305	45.9056706659 +/- 0.196340081593
0.31	47.057630658 +/- 0.201671450034
0.315	48.4647732852 +/- 0.188989131756
0.32	49.9598928843 +/- 0.210816392413
0.325	51.4651768515 +/- 0.212968925062
0.33	53.269326569 +/- 0.213509819301
0.335	54.7523424011 +/- 0.207163944902
0.34	56.32850224 +/- 0.245092935835
0.345	58.4934999905 +/- 0.229507674524
0.35	59.8493449332 +/- 0.248949320924
0.355	61.300768782 +/- 0.23908556445
0.36	62.9353542928 +/- 0.26317913725
0.365	65.1583600177 +/- 0.249768521566
0.37	66.7776008272 +/- 0.261995015349
0.375	67.5899181259 +/- 0.281254052
0.38	70.0808111079 +/- 0.280114991737
0.385	71.7266805362 +/- 0.281908223803
0.39	73.6138741278 +/- 0.315545478532
0.395	75.2756769059 +/- 0.273548692689
0.4	76.7390768872 +/- 0.296294015545
0.405	78.2409806513 +/- 0.29561319672
0.41	79.6339402708 +/- 0.31337796162
0.415	81.8402376314 +/- 0.310553523852
0.42	82.8571894575 +/- 0.306894677293
0.425	85.0985842568 +/- 0.316693676277
0.43	86.4744203623 +/- 0.306606909619
0.435	88.5244694848 +/- 0.313827524558
0.44	90.0777105754 +/- 0.312920283754
0.445	91.3984450475 +/- 0.319928942376
0.45	92.9618965774 +/- 0.338429926052
0.455	93.9405452733 +/- 0.341833799343
0.46	96.0117813012 +/- 0.345154703237
0.465	97.1891692964 +/- 0.337877540539
0.47	98.2359335837 +/- 0.337971662809
0.475	100.193085984 +/- 0.337073071935
0.48	101.592478483 +/- 0.313784187747
0.485	102.295597777 +/- 0.32360545243
0.49	103.370686871 +/- 0.335016465657
0.495	104.858510493 +/- 0.297753217664
0.5	105.980803363 +/- 0.331452879423
0.505	107.103761627 +/- 0.361432902822
0.51	108.051725096 +/- 0.317243163288
0.515	109.626379564 +/- 0.332792601609
0.52	110.842412157 +/- 0.320434452027
0.525	112.065768962 +/- 0.317871503152
0.53	113.210033092 +/- 0.344127779371
0.535	114.494525132 +/- 0.341375284947
0.54	115.144678515 +/- 0.366119943549
0.545	116.367565262 +/- 0.342295144686
0.55	116.977268554 +/- 0.331961712208
0.555	118.419790715 +/- 0.322984132088
0.56	118.824943025 +/- 0.339333198786
0.565	119.981045798 +/- 0.364744544652
0.57	121.206240557 +/- 0.34471233089
0.575	121.356291852 +/- 0.338917264775
0.58	121.804176344 +/- 0.324489860671
0.585	123.513794593 +/- 0.373503351107
0.59	123.556990226 +/- 0.365731243795
0.595	124.74986631 +/- 0.331012741815
0.6	125.789825778 +/- 0.36798858862


# L = 10.0 
# X: J2
# Y: Staggered Susceptibility
0.1	15.6270671997 +/- 0.0295254174444
0.105	16.1661000493 +/- 0.0274341045967
0.11	16.5934127956 +/- 0.0337311451537
0.115	17.0328142284 +/- 0.0310588919682
0.12	17.5845342806 +/- 0.034615529631
0.125	18.093293248 +/- 0.0354008173922
0.13	18.7777439717 +/- 0.0391607581604
0.135	19.2736735104 +/- 0.0391292000285
0.14	20.0053644177 +/- 0.0419747340146
0.145	20.7197008757 +/- 0.0463679176302
0.15	21.2751889671 +/- 0.0495101724201
0.155	22.1048260127 +/- 0.0548232216843
0.16	22.8151361417 +/- 0.0535740572062
0.165	23.6688746009 +/- 0.0578553214835
0.17	24.4130572217 +/- 0.0673173691986
0.175	25.2313787456 +/- 0.0654253162693
0.18	26.211069144 +/- 0.0709963823164
0.185	27.137488264 +/- 0.0762954018037
0.19	28.237340405 +/- 0.0784085933195
0.195	29.4593655257 +/- 0.0768646038545
0.2	30.4792206171 +/- 0.101459765182
0.205	31.5856002576 +/- 0.0898784067578
0.21	32.8607675916 +/- 0.103229627775
0.215	34.1143165039 +/- 0.110997793348
0.22	35.6025525303 +/- 0.108902988619
0.225	37.053195717 +/- 0.131555539227
0.23	38.4706992872 +/- 0.12931499725
0.235	40.052361237 +/- 0.143104646478
0.24	41.8179087041 +/- 0.144780443108
0.245	43.5645346138 +/- 0.165399281486
0.25	45.5390563819 +/- 0.164865784764
0.255	47.2990928124 +/- 0.18249220189
0.26	49.5814525733 +/- 0.200550287994
0.265	51.5422243038 +/- 0.194484881607
0.27	54.0500369478 +/- 0.227318411865
0.275	56.3981829696 +/- 0.215583958734
0.28	58.4739597488 +/- 0.24415979512
0.285	61.5670431936 +/- 0.256671170874
0.29	64.1031323719 +/- 0.279767327788
0.295	66.9080303352 +/- 0.282090080854
0.3	69.977602995 +/- 0.325768681762
0.305	72.8082088633 +/- 0.305484525382
0.31	76.2174950682 +/- 0.311310545231
0.315	79.2350252635 +/- 0.339462652694
0.32	82.1720939552 +/- 0.354982541548
0.325	86.3430583026 +/- 0.368367544963
0.33	89.175833465 +/- 0.364361384333
0.335	92.6076543936 +/- 0.391580814212
0.34	96.6622988241 +/- 0.401129176573
0.345	99.8334461491 +/- 0.420822835167
0.35	104.588066068 +/- 0.430077342165
0.355	108.059565072 +/- 0.432393492643
0.36	111.959040304 +/- 0.449174872506
0.365	115.144312851 +/- 0.4868608041
0.37	119.662987537 +/- 0.445133555561
0.375	123.230686027 +/- 0.455707414483
0.38	126.48258497 +/- 0.459684044348
0.385	131.074345446 +/- 0.480535393519
0.39	134.489071295 +/- 0.496962840834
0.395	138.509627725 +/- 0.494207629061
0.4	141.549304056 +/- 0.502315621695
0.405	145.818219125 +/- 0.499169985605
0.41	149.114810696 +/- 0.543190880009
0.415	152.754504115 +/- 0.49859384664
0.42	156.05615041 +/- 0.499518658524
0.425	159.193575713 +/- 0.501628434865
0.43	163.349047353 +/- 0.501409022276
0.435	167.185723406 +/- 0.535330549394
0.44	169.263982396 +/- 0.518518706476
0.445	172.595961155 +/- 0.556156278054
0.45	174.904106227 +/- 0.517408676261
0.455	178.271793047 +/- 0.587199971468
0.46	179.578179922 +/- 0.525808353865
0.465	184.645013713 +/- 0.582346961676
0.47	186.506315376 +/- 0.564833489286
0.475	189.834816287 +/- 0.563061837471
0.48	192.069738588 +/- 0.592845767123
0.485	194.804271799 +/- 0.601044526548
0.49	196.793993974 +/- 0.582131437635
0.495	198.888523884 +/- 0.556567531591
0.5	201.922422948 +/- 0.596574366194
0.505	203.527012437 +/- 0.557878752462
0.51	205.782021737 +/- 0.61185823752
0.515	209.088616416 +/- 0.63266761831
0.52	211.189368798 +/- 0.685086944188
0.525	212.120553712 +/- 0.581802470764
0.53	213.43080403 +/- 0.634963667984
0.535	216.821025723 +/- 0.585767372526
0.54	217.390752423 +/- 0.618226091215
0.545	219.551635503 +/- 0.603827614741
0.55	221.544368093 +/- 0.593480369047
0.555	223.3838516 +/- 0.595316350976
0.56	225.371239185 +/- 0.641544262765
0.565	227.548108483 +/- 0.69032510124
0.57	228.430148161 +/- 0.65102352773
0.575	230.009856364 +/- 0.652363046592
0.58	232.117341773 +/- 0.622491704505
0.585	233.550611216 +/- 0.656433934834
0.59	235.484553306 +/- 0.590436074306
0.595	235.771543779 +/- 0.674423817425
0.6	238.226589931 +/- 0.653040216084


# L = 12.0 
# X: J2
# Y: Staggered Susceptibility
0.1	16.9310440974 +/- 0.0242743161264
0.105	17.5203876664 +/- 0.0255680179605
0.11	18.0329587835 +/- 0.0299184857071
0.115	18.6540374929 +/- 0.0316723868367
0.12	19.2992899056 +/- 0.0332357874228
0.125	19.9423634161 +/- 0.0376755896433
0.13	20.6820887807 +/- 0.0353071926827
0.135	21.4762081162 +/- 0.0395358530772
0.14	22.1303309205 +/- 0.0436407140548
0.145	23.0211004734 +/- 0.0423510720176
0.15	23.9660930652 +/- 0.0497959808452
0.155	24.8338550629 +/- 0.0539258497733
0.16	25.7410031371 +/- 0.0597486962654
0.165	26.7864418094 +/- 0.0572688176665
0.17	28.0501966371 +/- 0.068907237059
0.175	28.9193005523 +/- 0.0704069815189
0.18	30.2041743937 +/- 0.0901316278451
0.185	31.4857838681 +/- 0.0815799494464
0.19	32.9368454602 +/- 0.0847433636445
0.195	34.3544730506 +/- 0.0931051183819
0.2	35.9453714469 +/- 0.109434314778
0.205	37.4374855455 +/- 0.102421281387
0.21	39.1083324773 +/- 0.116599545328
0.215	40.9289234209 +/- 0.121539719972
0.22	42.69318172 +/- 0.147003900382
0.225	44.9980648941 +/- 0.152972782028
0.23	47.3641053393 +/- 0.176084391644
0.235	49.9361638176 +/- 0.177429540974
0.24	52.4391186446 +/- 0.197511209809
0.245	55.004398417 +/- 0.20480289651
0.25	58.2053549634 +/- 0.223524247115
0.255	61.1536377225 +/- 0.236904096149
0.26	64.4677350634 +/- 0.250976985554
0.265	67.908889526 +/- 0.276876672826
0.27	71.4781276825 +/- 0.298613411131
0.275	75.7469543876 +/- 0.335992416908
0.28	79.7130261454 +/- 0.376221113297
0.285	85.3253559046 +/- 0.362344661625
0.29	88.7339609339 +/- 0.379617100774
0.295	94.6959919002 +/- 0.453826798083
0.3	99.9870820363 +/- 0.404639732129
0.305	104.3195197 +/- 0.505111103133
0.31	110.35481777 +/- 0.475578388232
0.315	116.118247664 +/- 0.516063863524
0.32	123.477895827 +/- 0.536491294843
0.325	130.573662256 +/- 0.557258818725
0.33	135.856542672 +/- 0.582515903608
0.335	143.075648319 +/- 0.637263604974
0.34	149.21122304 +/- 0.586910034235
0.345	157.820111529 +/- 0.729965285008
0.35	166.261516252 +/- 0.724554049334
0.355	173.018337602 +/- 0.745750092613
0.36	179.013949418 +/- 0.720931897584
0.365	186.385123753 +/- 0.707415986127
0.37	193.984723342 +/- 0.749796999549
0.375	201.932004292 +/- 0.823205877151
0.38	208.468547675 +/- 0.768940352549
0.385	214.742345941 +/- 0.800222878838
0.39	223.472851818 +/- 0.751454886548
0.395	228.897605757 +/- 0.812588878096
0.4	236.857743639 +/- 0.719442725763
0.405	241.566705167 +/- 0.864328036319
0.41	248.291919504 +/- 0.853104551296
0.415	255.943100603 +/- 0.774965014457
0.42	260.747437298 +/- 0.846832620744
0.425	267.460777765 +/- 0.90253964036
0.43	273.12927178 +/- 0.910736501373
0.435	279.979361611 +/- 0.797099380713
0.44	284.565982563 +/- 0.854088221365
0.445	290.113375401 +/- 0.833419289273
0.45	294.598801849 +/- 0.834481735419
0.455	300.68286996 +/- 0.900756774179
0.46	306.105489023 +/- 0.909101813372
0.465	311.090482306 +/- 0.94651429189
0.47	313.878181338 +/- 0.915936763008
0.475	321.021617603 +/- 1.02254369595
0.48	324.624481028 +/- 0.903986767921
0.485	327.935347559 +/- 0.882306830682
0.49	330.875269288 +/- 0.965357751839
0.495	336.782286719 +/- 1.02680907805
0.5	340.064912005 +/- 1.02957859547
0.505	343.170377713 +/- 0.890747019984
0.51	346.692493972 +/- 0.970171436472
0.515	350.749793393 +/- 0.924973343222
0.52	354.044885928 +/- 0.956626212925
0.525	357.220999403 +/- 0.954210533441
0.53	363.852990625 +/- 0.978769623505
0.535	363.250300175 +/- 0.969205750833
0.54	367.701063607 +/- 0.965818769538
0.545	372.72197187 +/- 1.01811355048
0.55	375.511141936 +/- 0.972817223383
0.555	377.055007485 +/- 1.10282122695
0.56	380.803724707 +/- 1.08265918618
0.565	385.229978582 +/- 0.970006144638
0.57	388.961589082 +/- 1.14344596026
0.575	390.13194551 +/- 1.0893696468
0.58	390.729436265 +/- 1.032909698
0.585	396.236116029 +/- 1.0204543625
0.59	396.948018918 +/- 1.14396820645
0.595	399.460594039 +/- 1.14256933692
0.6	401.28160462 +/- 1.01943764193


# L = 16.0 
# X: J2
# Y: Staggered Susceptibility
0.1	18.0710340987 +/- 0.0202873213024
0.105	18.7314434878 +/- 0.0234254637156
0.11	19.4003299593 +/- 0.0213619605204
0.115	20.1248763176 +/- 0.0253699734537
0.12	20.9015166631 +/- 0.0288195243916
0.125	21.6612236743 +/- 0.030616805836
0.13	22.4952459551 +/- 0.0311860765453
0.135	23.4007391182 +/- 0.034739305592
0.14	24.4017345221 +/- 0.0343425872066
0.145	25.367328594 +/- 0.0368175105949
0.15	26.4445070856 +/- 0.0404736960911
0.155	27.5376649079 +/- 0.0397130512392
0.16	28.8623072641 +/- 0.045033694068
0.165	30.1272912826 +/- 0.0490376988663
0.17	31.5520493095 +/- 0.0551823780682
0.175	33.0394170403 +/- 0.0654956735872
0.18	34.6763192689 +/- 0.0696425287904
0.185	36.4112652102 +/- 0.078864596705
0.19	38.3724713721 +/- 0.0785642395793
0.195	40.1888364227 +/- 0.0861197316703
0.2	42.3987902954 +/- 0.105351883046
0.205	44.7954709768 +/- 0.112139738496
0.21	47.4552853995 +/- 0.121150183327
0.215	50.1960439349 +/- 0.142932521592
0.22	53.2664236959 +/- 0.15102674041
0.225	56.4494039295 +/- 0.158164953927
0.23	59.8519360886 +/- 0.176810793271
0.235	63.8682885584 +/- 0.223270654365
0.24	67.7873229176 +/- 0.212325677141
0.245	72.6206419088 +/- 0.253634972807
0.25	78.0413820947 +/- 0.27297879741
0.255	84.0849355105 +/- 0.305553051454
0.26	89.4288975975 +/- 0.330133595469
0.265	96.4874171655 +/- 0.388742689579
0.27	104.099580829 +/- 0.425317639878
0.275	112.298456964 +/- 0.447786957381
0.28	121.526577232 +/- 0.495519616112
0.285	132.414822054 +/- 0.583132358911
0.29	143.011845001 +/- 0.581420190375
0.295	154.511374475 +/- 0.755192847132
0.3	168.133448503 +/- 0.785287723016
0.305	181.295561349 +/- 0.813152721665
0.31	196.054191537 +/- 0.919405407126
0.315	214.415898871 +/- 0.88376253365
0.32	230.822873625 +/- 1.1858639185
0.325	246.472424211 +/- 1.15424847443
0.33	269.004714194 +/- 1.24008998531
0.335	287.861594652 +/- 1.29781669686
0.34	307.422704184 +/- 1.27872995019
0.345	328.670392576 +/- 1.29449490236
0.35	345.784141178 +/- 1.35491051793
0.355	371.590480216 +/- 1.47294233967
0.36	387.949410001 +/- 1.54715384866
0.365	411.130019539 +/- 1.56444848792
0.37	430.719979413 +/- 1.57954183005
0.375	449.105927869 +/- 1.51049830129
0.38	465.655488537 +/- 1.62189289288
0.385	482.307603854 +/- 1.55808397974
0.39	500.954161842 +/- 1.72971289005
0.395	518.793979357 +/- 1.54713758262
0.4	534.842974054 +/- 1.7725919958
0.405	550.886930212 +/- 1.48010400034
0.41	568.435028097 +/- 1.67256550725
0.415	584.501585664 +/- 1.70277879787
0.42	597.283392402 +/- 1.69701314127
0.425	613.040359244 +/- 1.74392164662
0.43	626.262638377 +/- 1.86364329207
0.435	638.290590326 +/- 1.89372439579
0.44	652.156578822 +/- 1.79866576638
0.445	662.880913708 +/- 1.74285472373
0.45	677.506506422 +/- 1.8557276034
0.455	685.203561939 +/- 1.95168794916
0.46	696.446129366 +/- 2.01067712983
0.465	711.949781596 +/- 1.92557287307
0.47	718.777392389 +/- 1.91093032389
0.475	729.181755772 +/- 2.01850520061
0.48	743.673658803 +/- 2.01417029243
0.485	749.985364767 +/- 2.01405778738
0.49	759.515270064 +/- 2.26141852957
0.495	769.97130209 +/- 2.20465006074
0.5	780.945149879 +/- 2.12154840346
0.505	785.641737963 +/- 2.13820364722
0.51	796.497705918 +/- 2.17850228962
0.515	803.02953047 +/- 1.98642282483
0.52	810.607371016 +/- 2.23658604524
0.525	818.741607201 +/- 2.12067103818
0.53	826.846339516 +/- 2.17103890329
0.535	841.382469654 +/- 2.08867234511
0.54	846.972391438 +/- 2.01605223154
0.545	852.590287721 +/- 2.32618499296
0.55	859.80137943 +/- 2.39006587001
0.555	865.539210697 +/- 2.31630263405
0.56	875.723414627 +/- 2.43743669439
0.565	878.664445687 +/- 2.27504052288
0.57	886.947937413 +/- 2.49097300991
0.575	893.759514945 +/- 2.48819853345
0.58	896.651992683 +/- 2.34413152681
0.585	908.578539354 +/- 2.53558973806
0.59	909.897661586 +/- 2.55510771641
0.595	919.66939417 +/- 2.60773142744
0.6	924.761065098 +/- 2.53553309407


