# J2 = 0.0 
# X: T
# Y: Susceptibility
0.1	0.0091515625 +/- 0.000202826390646
0.11	0.0139673295455 +/- 0.000250894814516
0.12	0.0192747395833 +/- 0.000259293309484
0.13	0.0259915865385 +/- 0.000310691969931
0.13999999999999999	0.0324497767857 +/- 0.000336651570138
0.14999999999999997	0.0388958333333 +/- 0.000360334402352
0.15999999999999998	0.045734375 +/- 0.000381920693669
0.16999999999999998	0.0511599264706 +/- 0.000352427810476
0.17999999999999997	0.0583611111111 +/- 0.000384884289799
0.18999999999999995	0.0650690789474 +/- 0.000382208685875
0.19999999999999996	0.07076171875 +/- 0.000386911292507
0.20999999999999996	0.076228422619 +/- 0.000377525425635
0.21999999999999995	0.0829545454545 +/- 0.000387239926642
0.22999999999999995	0.0881616847826 +/- 0.00032238259193
0.23999999999999994	0.09434765625 +/- 0.000357496829483
0.24999999999999992	0.099336875 +/- 0.000381827040282
0.2599999999999999	0.103269831731 +/- 0.000387918301866
0.2699999999999999	0.108909722222 +/- 0.000400107106999
0.2799999999999999	0.114172991071 +/- 0.000361009448279
0.2899999999999999	0.118606142241 +/- 0.000405397150531
0.29999999999999993	0.123271875 +/- 0.000372441011078
0.30999999999999994	0.127744959677 +/- 0.000374168358998
0.3199999999999999	0.132154296875 +/- 0.00036935984101
0.32999999999999985	0.136538825758 +/- 0.000347502119607
0.33999999999999986	0.140201746324 +/- 0.000321405450876
0.34999999999999987	0.14439375 +/- 0.000360403942937
0.3599999999999999	0.147864149306 +/- 0.000338889082655
0.3699999999999999	0.152567989865 +/- 0.000352121405312
0.3799999999999999	0.156117598684 +/- 0.000362431973422
0.3899999999999999	0.159801282051 +/- 0.000355538906214
0.3999999999999998	0.1635328125 +/- 0.000342159511073
0.4099999999999998	0.166991234756 +/- 0.000371851398246
0.4199999999999998	0.169560639881 +/- 0.00034913364271
0.4299999999999998	0.173638081395 +/- 0.000356911187837
0.43999999999999984	0.176159090909 +/- 0.000304125697258
0.44999999999999984	0.179186111111 +/- 0.000305600456085
0.45999999999999985	0.182696331522 +/- 0.000309297632209
0.46999999999999986	0.184274933511 +/- 0.000310474211645
0.47999999999999976	0.187440104167 +/- 0.000286504023294
0.48999999999999977	0.189796237245 +/- 0.000340262163595
0.4999999999999998	0.191443125 +/- 0.000322006566867
0.5099999999999998	0.194200367647 +/- 0.000322458144077
0.5199999999999998	0.196536658654 +/- 0.000301494369497
0.5299999999999998	0.197929834906 +/- 0.00026288534714
0.5399999999999998	0.200341724537 +/- 0.000300265792458
0.5499999999999998	0.202084375 +/- 0.000280087365804
0.5599999999999997	0.204093470982 +/- 0.000261492799706
0.5699999999999997	0.205780701754 +/- 0.000268455468449
0.5799999999999997	0.207166217672 +/- 0.000284371231084
0.5899999999999997	0.208893008475 +/- 0.000251918796391
0.5999999999999998	0.209954427083 +/- 0.000269722806692
0.6099999999999998	0.211026639344 +/- 0.000274980755584
0.6199999999999998	0.212344254032 +/- 0.000265933073159
0.6299999999999997	0.213381200397 +/- 0.000250299343843
0.6399999999999997	0.214806640625 +/- 0.000262369037493
0.6499999999999997	0.215376442308 +/- 0.00023413167227
0.6599999999999997	0.216786931818 +/- 0.000238560817731
0.6699999999999997	0.217087220149 +/- 0.000234612102295
0.6799999999999997	0.218119715074 +/- 0.000254635881736
0.6899999999999997	0.21868115942 +/- 0.000225679789146
0.6999999999999996	0.219548883929 +/- 0.000236738982232
0.7099999999999996	0.220305677817 +/- 0.000228089778781
0.7199999999999996	0.220410590278 +/- 0.000239046562827
0.7299999999999996	0.22107427226 +/- 0.000225600628549
0.7399999999999997	0.221515625 +/- 0.000225052177434
0.7499999999999997	0.222254791667 +/- 0.000211468534748
0.7599999999999997	0.222279810855 +/- 0.000226896985774
0.7699999999999997	0.222513798701 +/- 0.00021598849452
0.7799999999999997	0.223146233974 +/- 0.000203721128826
0.7899999999999996	0.223319026899 +/- 0.000204733979001
0.7999999999999996	0.222882226563 +/- 0.000198565755424
0.8099999999999996	0.223350501543 +/- 0.000211663622561
0.8199999999999996	0.223538300305 +/- 0.00019198952012
0.8299999999999996	0.223783885542 +/- 0.000213520425834
0.8399999999999996	0.223769345238 +/- 0.000194959762933
0.8499999999999996	0.223651470588 +/- 0.000189495472999
0.8599999999999995	0.22365534157 +/- 0.000186552304572
0.8699999999999996	0.223476652299 +/- 0.00018342948589
0.8799999999999996	0.223812677557 +/- 0.000192541555797
0.8899999999999996	0.223327598315 +/- 0.000180226009026
0.8999999999999996	0.223626909722 +/- 0.000188586173473
0.9099999999999996	0.223259443681 +/- 0.000184212385667
0.9199999999999996	0.22309986413 +/- 0.000177197263226
0.9299999999999996	0.222967405914 +/- 0.000167040594833
0.9399999999999996	0.222510970745 +/- 0.000183628720193
0.9499999999999995	0.222479440789 +/- 0.000180366386619
0.9599999999999995	0.222051106771 +/- 0.000168483758556
0.9699999999999995	0.221628221649 +/- 0.000156241908699
0.9799999999999995	0.22128380102 +/- 0.000163859946397
0.9899999999999995	0.221241477273 +/- 0.0001792483288
0.9999999999999996	0.22074140625 +/- 0.000158751443525
1.0099999999999996	0.220462716584 +/- 0.000161685021842
1.0199999999999996	0.220524816176 +/- 0.000173089318117
1.0299999999999996	0.219781401699 +/- 0.00015523181093
1.0399999999999996	0.219158653846 +/- 0.000145594715398
1.0499999999999996	0.218833184524 +/- 0.000156996840487
1.0599999999999996	0.218586821934 +/- 0.000169881508969
1.0699999999999996	0.218331483645 +/- 0.000157253478327
1.0799999999999996	0.217805555556 +/- 0.000163323059631
1.0899999999999996	0.21745212156 +/- 0.000146640428767
1.0999999999999996	0.216975284091 +/- 0.000139690389133
1.1099999999999997	0.216385416667 +/- 0.000156221278874
1.1199999999999997	0.216049386161 +/- 0.000139949410276
1.1299999999999997	0.215554618363 +/- 0.000144602930403
1.1399999999999997	0.214792077851 +/- 0.000144705734722
1.1499999999999995	0.214728532609 +/- 0.000140036907988
1.1599999999999995	0.213933324353 +/- 0.000139418575108
1.1699999999999995	0.213724492521 +/- 0.000138449250657
1.1799999999999995	0.212929819915 +/- 0.000138816347326
1.1899999999999995	0.212584952731 +/- 0.000136993552828
1.1999999999999995	0.212135416667 +/- 0.000136257935102
1.2099999999999995	0.211610408058 +/- 0.000140725237585
1.2199999999999995	0.211039830943 +/- 0.000136242693149
1.2299999999999995	0.210648755081 +/- 0.000127207983106
1.2399999999999995	0.20989453125 +/- 0.000130555780437
1.2499999999999996	0.209471375 +/- 0.000124347188558
1.2599999999999996	0.208931051587 +/- 0.000130733676749
1.2699999999999996	0.208357652559 +/- 0.000118008657513
1.2799999999999996	0.208030273438 +/- 0.000126681194738
1.2899999999999996	0.207280281008 +/- 0.000119721436323
1.2999999999999994	0.206527884615 +/- 0.000130680837893
1.3099999999999994	0.206070968511 +/- 0.000117864785095
1.3199999999999994	0.20558297822 +/- 0.000117596998404
1.3299999999999994	0.205070018797 +/- 0.000127829470685
1.3399999999999994	0.204403101679 +/- 0.000121442483546
1.3499999999999994	0.203932986111 +/- 0.000115731086376
1.3599999999999994	0.203244485294 +/- 0.000111249530981
1.3699999999999994	0.202842267336 +/- 0.000119470518716
1.3799999999999994	0.202312160326 +/- 0.000119637146437
1.3899999999999995	0.20182846223 +/- 0.000120349264469
1.3999999999999995	0.201079464286 +/- 0.000107936204381
1.4099999999999995	0.200606161348 +/- 0.000101069713656
1.4199999999999995	0.200096941021 +/- 0.00011440957627
1.4299999999999995	0.199472902098 +/- 0.000107238788429
1.4399999999999995	0.198622829861 +/- 0.000109611051628
1.4499999999999995	0.198336314655 +/- 0.000106347611901
1.4599999999999995	0.197851990582 +/- 0.000117143196922
1.4699999999999993	0.197101403061 +/- 0.000109514395398
1.4799999999999993	0.196547508446 +/- 0.000112748212239
1.4899999999999993	0.195625838926 +/- 0.000110063791183
1.4999999999999993	0.195206770833 +/- 0.00010483448777
1.5099999999999993	0.194814155629 +/- 9.75478184542e-05
1.5199999999999994	0.194161184211 +/- 0.000104367035632
1.5299999999999994	0.19361060049 +/- 0.000115503414079
1.5399999999999994	0.192936789773 +/- 0.000107939391562
1.5499999999999994	0.192369153226 +/- 9.52977353866e-05
1.5599999999999994	0.191911458333 +/- 0.000104170304576
1.5699999999999994	0.191447651274 +/- 0.00011100984562
1.5799999999999994	0.190692246835 +/- 0.000106765033651
1.5899999999999994	0.190271816038 +/- 9.01177450177e-05
1.5999999999999994	0.189629199219 +/- 9.84492822119e-05
1.6099999999999994	0.189180706522 +/- 0.000102442828151
1.6199999999999992	0.1885546875 +/- 9.46711820133e-05
1.6299999999999992	0.187931365031 +/- 9.74524697262e-05
1.6399999999999992	0.187546398628 +/- 9.09287094508e-05
1.6499999999999992	0.186719318182 +/- 9.14397998546e-05
1.6599999999999993	0.186307793675 +/- 9.81611908147e-05
1.6699999999999993	0.185672342814 +/- 8.87713736641e-05
1.6799999999999993	0.185200334821 +/- 9.23746417874e-05
1.6899999999999993	0.184556675296 +/- 8.36870802677e-05
1.6999999999999993	0.183982720588 +/- 8.94300690818e-05
1.7099999999999993	0.183573830409 +/- 9.26762261891e-05
1.7199999999999993	0.183003997093 +/- 8.42884200319e-05
1.7299999999999993	0.182485910405 +/- 9.31922656825e-05
1.7399999999999993	0.181743803879 +/- 8.87931120098e-05
1.7499999999999993	0.181419553571 +/- 9.42921758657e-05
1.7599999999999993	0.180719815341 +/- 8.73257901491e-05
1.7699999999999994	0.180284957627 +/- 9.84719633107e-05
1.7799999999999994	0.179585849719 +/- 8.98888157812e-05
1.7899999999999991	0.179139664804 +/- 8.24316211139e-05
1.7999999999999992	0.17854765625 +/- 8.37594503128e-05
1.8099999999999992	0.178095131215 +/- 8.26095793797e-05
1.8199999999999992	0.177573574863 +/- 8.56430042836e-05
1.8299999999999992	0.177193647541 +/- 8.02949792898e-05
1.8399999999999992	0.176424167799 +/- 9.12651761429e-05
1.8499999999999992	0.175970185811 +/- 8.08170956291e-05
1.8599999999999992	0.175441952285 +/- 7.89582787823e-05
1.8699999999999992	0.175023813503 +/- 8.29186756055e-05
1.8799999999999992	0.174346742021 +/- 7.88519908602e-05
1.8899999999999992	0.173934606481 +/- 8.06963719255e-05
1.8999999999999992	0.173339720395 +/- 7.53799425727e-05
1.9099999999999993	0.172685618456 +/- 8.84000011021e-05
1.9199999999999993	0.172330729167 +/- 7.66217141345e-05
1.9299999999999993	0.171845126295 +/- 8.70865914655e-05
1.939999999999999	0.171476481959 +/- 7.84126745875e-05
1.949999999999999	0.170824679487 +/- 7.88432728761e-05
1.959999999999999	0.17033075574 +/- 7.91980395175e-05
1.969999999999999	0.169848826142 +/- 7.6149030862e-05
1.979999999999999	0.169360558712 +/- 6.73790560544e-05
1.989999999999999	0.16895571608 +/- 7.19990891033e-05
1.9999999999999991	0.168356171875 +/- 7.34395766163e-05
2.009999999999999	0.167821128731 +/- 7.52164955918e-05
2.019999999999999	0.167347076114 +/- 7.10104350143e-05
2.029999999999999	0.166874846059 +/- 7.26551109344e-05
2.039999999999999	0.166377221201 +/- 6.90554598811e-05
2.049999999999999	0.165809375 +/- 7.56083881077e-05
2.059999999999999	0.165410573422 +/- 6.3924714994e-05
2.069999999999999	0.164864130435 +/- 7.40222661353e-05
2.079999999999999	0.164461313101 +/- 7.52592737293e-05
2.089999999999999	0.163880382775 +/- 7.13940080837e-05
2.099999999999999	0.163559747024 +/- 7.25657030692e-05
2.109999999999999	0.163031175948 +/- 6.86075085999e-05
2.119999999999999	0.162531544811 +/- 6.94079248882e-05
2.129999999999999	0.162070202465 +/- 7.15200988668e-05
2.1399999999999992	0.161635075935 +/- 7.24737632562e-05
2.149999999999999	0.161112645349 +/- 6.96093904255e-05
2.1599999999999993	0.160783926505 +/- 6.99504259302e-05
2.169999999999999	0.1600890697 +/- 6.44831917459e-05
2.1799999999999993	0.159801247133 +/- 6.44142578303e-05
2.189999999999999	0.15925192637 +/- 6.5986245929e-05
2.199999999999999	0.158917684659 +/- 6.20742954624e-05
2.209999999999999	0.158428026018 +/- 6.30951422921e-05
2.219999999999999	0.157957207207 +/- 6.44002176142e-05
2.229999999999999	0.15747309417 +/- 6.14523263399e-05
2.239999999999999	0.157042271205 +/- 6.28885179087e-05
2.249999999999999	0.156533888889 +/- 6.37114580168e-05
2.259999999999999	0.156257466814 +/- 6.28323710755e-05
2.269999999999999	0.155820622247 +/- 6.48157832246e-05
2.279999999999999	0.15520997807 +/- 6.67018150813e-05
2.289999999999999	0.154870087336 +/- 5.33867364862e-05
2.299999999999999	0.154472826087 +/- 6.26237012866e-05
2.309999999999999	0.154004802489 +/- 6.84523033448e-05
2.319999999999999	0.153563577586 +/- 5.87614792774e-05
2.329999999999999	0.153200308476 +/- 6.36499910555e-05
2.339999999999999	0.152845419338 +/- 5.53375350288e-05
2.3499999999999988	0.15225 +/- 5.98786322044e-05
2.359999999999999	0.151796610169 +/- 5.95675421151e-05
2.3699999999999988	0.151486880274 +/- 6.06807014067e-05
2.379999999999999	0.150991399685 +/- 5.96717463017e-05
2.389999999999999	0.150566095711 +/- 5.87019546205e-05
2.399999999999999	0.150204752604 +/- 5.5968465502e-05
2.409999999999999	0.149689315353 +/- 5.86246350409e-05
2.419999999999999	0.14934575155 +/- 5.86848597075e-05
2.429999999999999	0.148974665638 +/- 5.35362766355e-05
2.439999999999999	0.148564677254 +/- 5.31943697894e-05
2.449999999999999	0.148174872449 +/- 6.01190362222e-05
2.459999999999999	0.147756224594 +/- 5.64405830378e-05
2.469999999999999	0.147302947874 +/- 5.20375161319e-05
2.479999999999999	0.147122794859 +/- 5.17109198236e-05
2.489999999999999	0.146566014056 +/- 5.42755153865e-05
2.4999999999999987	0.1462125 +/- 5.34975480673e-05
2.509999999999999	0.145713334163 +/- 6.21957184131e-05
2.5199999999999987	0.145344742064 +/- 5.71051843128e-05
2.529999999999999	0.144931015316 +/- 5.8295213888e-05
2.5399999999999987	0.144586552658 +/- 5.13606093492e-05
2.549999999999999	0.144200796569 +/- 5.93051912499e-05
2.5599999999999987	0.143903503418 +/- 5.67777351897e-05
2.569999999999999	0.143493920233 +/- 5.04331091893e-05
2.5799999999999987	0.143064801357 +/- 5.19636157201e-05
2.589999999999999	0.142633747587 +/- 5.59838846383e-05
2.5999999999999988	0.142269290865 +/- 5.33588275592e-05
2.609999999999999	0.14191954023 +/- 5.30076362212e-05
2.6199999999999988	0.14152528626 +/- 5.07122635435e-05
2.629999999999999	0.141156368821 +/- 4.9301942232e-05
2.639999999999999	0.140867838542 +/- 5.10734563794e-05
2.649999999999999	0.140467865566 +/- 4.88356756594e-05
2.659999999999999	0.140079006109 +/- 4.75570673052e-05
2.6699999999999986	0.139759129213 +/- 4.93396981e-05
2.679999999999999	0.13935313666 +/- 5.29874476552e-05
2.6899999999999986	0.139020329926 +/- 4.8393251651e-05
2.699999999999999	0.138629571759 +/- 5.00693449221e-05
2.7099999999999986	0.138249423432 +/- 5.13612029803e-05
2.719999999999999	0.137973345588 +/- 5.29111794127e-05
2.7299999999999986	0.13762551511 +/- 4.72112761684e-05
2.739999999999999	0.137177691606 +/- 5.05086998282e-05
2.7499999999999987	0.136799488636 +/- 4.83289859508e-05
2.759999999999999	0.136428725091 +/- 4.36215013006e-05
2.7699999999999987	0.136127820397 +/- 5.1800981435e-05
2.779999999999999	0.135851169065 +/- 4.87841756081e-05
2.7899999999999987	0.135418402778 +/- 4.6526510369e-05
2.799999999999999	0.1350421875 +/- 5.08079872658e-05
2.8099999999999987	0.134738767794 +/- 4.66648753672e-05
2.819999999999999	0.134350675975 +/- 4.9892072347e-05
2.8299999999999987	0.134114012809 +/- 4.61054632756e-05
2.8399999999999985	0.13379274868 +/- 4.26479365351e-05
2.8499999999999988	0.133410416667 +/- 4.40019550267e-05
2.8599999999999985	0.133083970717 +/- 4.83135344897e-05
2.8699999999999988	0.13276518946 +/- 4.90907466564e-05
2.8799999999999986	0.132406846788 +/- 4.57435141892e-05
2.889999999999999	0.132099535035 +/- 4.71931935847e-05
2.8999999999999986	0.131748275862 +/- 4.71203428458e-05
2.909999999999999	0.131408719931 +/- 4.10910248515e-05
2.9199999999999986	0.131125535103 +/- 4.5065412384e-05
2.929999999999999	0.130806793942 +/- 4.66665658995e-05
2.9399999999999986	0.130435267857 +/- 4.7218150831e-05
2.949999999999999	0.130137129237 +/- 4.48974088958e-05
2.9599999999999986	0.129813872466 +/- 4.22043959029e-05
2.969999999999999	0.129516256313 +/- 4.51243327411e-05
2.9799999999999986	0.12919604656 +/- 4.20384228761e-05
2.9899999999999984	0.128877508361 +/- 4.29052313134e-05
2.9999999999999987	0.128636197917 +/- 4.47516009196e-05
3.0099999999999985	0.128225031146 +/- 4.68218876438e-05
3.0199999999999987	0.127938586507 +/- 4.15137763444e-05
3.0299999999999985	0.127604991749 +/- 4.3960165442e-05
3.0399999999999987	0.127393451891 +/- 4.27646865173e-05
3.0499999999999985	0.126994364754 +/- 4.28102121842e-05
3.0599999999999987	0.126721864788 +/- 4.25739026365e-05
3.0699999999999985	0.12643485342 +/- 4.21025620342e-05
3.0799999999999987	0.126137378247 +/- 4.11307526854e-05
3.0899999999999985	0.125778317152 +/- 4.17508050294e-05
3.0999999999999988	0.125468548387 +/- 4.18461439933e-05
3.1099999999999985	0.125217845659 +/- 4.26230599284e-05
3.1199999999999988	0.124838040865 +/- 4.35399800695e-05
3.1299999999999986	0.124535493211 +/- 4.2387740817e-05
3.1399999999999983	0.124209096338 +/- 4.12955559197e-05
3.1499999999999986	0.124018650794 +/- 3.92756086201e-05
3.1599999999999984	0.123770025712 +/- 4.15187543933e-05
3.1699999999999986	0.123373767744 +/- 4.00326946608e-05
3.1799999999999984	0.12310495283 +/- 4.00600518296e-05
3.1899999999999986	0.122835619122 +/- 3.82548292461e-05
3.1999999999999984	0.122545019531 +/- 3.84465780444e-05
3.2099999999999986	0.122271466121 +/- 3.83996565753e-05
3.2199999999999984	0.121968604425 +/- 3.67779515596e-05
3.2299999999999986	0.121704237616 +/- 3.91300862666e-05
3.2399999999999984	0.121339988426 +/- 3.78646206201e-05
3.2499999999999987	0.121130192308 +/- 3.64027302088e-05
3.2599999999999985	0.120823427914 +/- 3.76458008667e-05
3.2699999999999987	0.120547687309 +/- 3.90086284575e-05
3.2799999999999985	0.120197408537 +/- 3.6057749302e-05
3.2899999999999987	0.120036806611 +/- 3.973062456e-05
3.2999999999999985	0.119724573864 +/- 3.66360610652e-05
3.3099999999999983	0.119493344033 +/- 3.89940352011e-05
3.3199999999999985	0.119225150602 +/- 4.03629402455e-05
3.3299999999999983	0.118976632883 +/- 3.64176031754e-05
3.3399999999999985	0.118620696108 +/- 3.92294173672e-05
3.3499999999999983	0.118379850746 +/- 3.89070334353e-05
3.3599999999999985	0.118089285714 +/- 3.49478300281e-05
3.3699999999999983	0.117849962908 +/- 3.68663486001e-05
3.3799999999999986	0.117562592456 +/- 3.96047148427e-05
3.3899999999999983	0.117290330015 +/- 3.45990685413e-05
3.3999999999999986	0.117027665441 +/- 3.79294338436e-05
3.4099999999999984	0.116798478739 +/- 3.44314901375e-05
3.4199999999999986	0.116493283991 +/- 3.52952934032e-05
3.4299999999999984	0.116296237245 +/- 3.73664864219e-05
3.4399999999999986	0.116010492369 +/- 3.38781613587e-05
3.4499999999999984	0.115725588768 +/- 3.56805716863e-05
3.4599999999999986	0.115517115246 +/- 3.56859167345e-05
3.4699999999999984	0.115204565922 +/- 3.4105661968e-05
3.479999999999998	0.114999102012 +/- 3.4411872998e-05
3.4899999999999984	0.114754700931 +/- 3.78982212302e-05
3.4999999999999982	0.114468928571 +/- 3.69884459135e-05
3.5099999999999985	0.114185585826 +/- 3.18031341213e-05
3.5199999999999982	0.113986683239 +/- 3.35071032152e-05
3.5299999999999985	0.113727115793 +/- 3.63451537369e-05
3.5399999999999983	0.113405543785 +/- 3.35935908691e-05
3.5499999999999985	0.113260519366 +/- 3.35966463944e-05
3.5599999999999983	0.112996708216 +/- 3.36904864266e-05
3.5699999999999985	0.11268995098 +/- 3.09552926889e-05
3.5799999999999983	0.11252609986 +/- 3.34008139641e-05
3.5899999999999985	0.112231371866 +/- 3.56694120504e-05
3.5999999999999983	0.111973654514 +/- 3.36319174771e-05
3.6099999999999985	0.111755540166 +/- 3.06996441249e-05
3.6199999999999983	0.111566384669 +/- 3.26123306702e-05
3.629999999999998	0.111250688705 +/- 3.10656758756e-05
3.6399999999999983	0.111015625 +/- 3.07380220237e-05
3.649999999999998	0.110840582192 +/- 3.40268298104e-05
3.6599999999999984	0.110571934768 +/- 3.39703050234e-05
3.669999999999998	0.110356479905 +/- 3.35984225084e-05
3.6799999999999984	0.110117527174 +/- 2.91182242596e-05
3.689999999999998	0.109852684621 +/- 3.31235535275e-05
3.6999999999999984	0.109621072635 +/- 3.27081627162e-05
3.709999999999998	0.109380180256 +/- 3.20798567248e-05
3.7199999999999984	0.10916187836 +/- 3.09630713436e-05
3.729999999999998	0.108886394102 +/- 3.1669064444e-05
3.7399999999999984	0.108696649398 +/- 2.99052455178e-05
3.7499999999999982	0.108449 +/- 3.15687124157e-05
3.7599999999999985	0.108135430519 +/- 2.93985906979e-05
3.7699999999999982	0.107998715186 +/- 3.26899677842e-05
3.779999999999998	0.107800140542 +/- 3.38623592177e-05
3.7899999999999983	0.107545061016 +/- 3.20113281876e-05
3.799999999999998	0.107366529605 +/- 3.06474062047e-05
3.8099999999999983	0.107118971457 +/- 3.4078643353e-05
3.819999999999998	0.106883753272 +/- 3.32699940662e-05
3.8299999999999983	0.106652211162 +/- 2.75190389436e-05
3.839999999999998	0.106460367839 +/- 2.83990461462e-05
3.8499999999999983	0.106254058442 +/- 3.03732051556e-05
3.859999999999998	0.106060395078 +/- 3.04113741596e-05
3.8699999999999983	0.105866844315 +/- 3.04503637041e-05
3.879999999999998	0.105638530928 +/- 3.05200142335e-05
3.8899999999999983	0.105341580977 +/- 3.23411996126e-05
3.899999999999998	0.105199399038 +/- 3.1716358394e-05
3.9099999999999984	0.104961996483 +/- 2.80119341342e-05
3.919999999999998	0.104748166454 +/- 2.91963709052e-05
3.9299999999999984	0.104526558524 +/- 2.70040543892e-05
3.939999999999998	0.104255631345 +/- 2.77464158687e-05
3.949999999999998	0.104089912975 +/- 3.11429572492e-05
3.959999999999998	0.103889599116 +/- 3.15316082716e-05
3.969999999999998	0.103676873426 +/- 2.92210224389e-05
3.979999999999998	0.103439816269 +/- 3.02403054804e-05
3.989999999999998	0.103227874373 +/- 2.98738498862e-05


