# L = 4.0 
# X: T
# Y: Binder Cumulant
0.0	1.0 +/- 0.0
0.1	1.0 +/- 0.0
0.2	1.0 +/- 0.0
0.3	1.0 +/- 0.0
0.4	1.0 +/- 0.0
0.5	1.0 +/- 0.0
0.6	1.0 +/- 0.0
0.7	1.0 +/- 0.0
0.8	1.0 +/- 0.0
0.9	0.999999898952 +/- 4.9445228602e-08
1.0	0.999999557572 +/- 1.09620595268e-07
1.1	0.999998476079 +/- 1.81944985673e-07
1.2	1.00000544297 +/- 4.09383892478e-06
1.3	0.999999497287 +/- 5.38361251457e-06
1.4	0.999990545375 +/- 6.35324977556e-06
1.5	0.999985062265 +/- 1.05677326276e-05
1.6	1.00000879578 +/- 1.98112314682e-05
1.7	1.00001227905 +/- 2.68013978496e-05
1.8	1.00000776694 +/- 3.31140904504e-05
1.9	0.999995445976 +/- 4.58210066261e-05
2.0	0.999993210214 +/- 4.37122795312e-05
2.1	1.00003283464 +/- 6.13996425401e-05
2.2	1.00013575706 +/- 5.90244716281e-05
2.3	1.0002022937 +/- 9.40487920728e-05
2.4	1.00013556642 +/- 0.000100897711565
2.5	1.0002603973 +/- 0.000110599857324
2.6	1.00054865284 +/- 0.000118572497372
2.7	1.00038343456 +/- 0.00015018346262
2.8	1.00073215602 +/- 0.000174748043033
2.9	1.0004102021 +/- 0.000176852427072
3.0	1.00059027021 +/- 0.000198409767188
3.1	1.0009874568 +/- 0.000197881896204
3.2	1.00121096582 +/- 0.000194966666883
3.3	1.00119459017 +/- 0.000243552537092
3.4	1.00166247448 +/- 0.000249553943719
3.5	1.00184645441 +/- 0.000273802997311
3.6	1.00203013402 +/- 0.000271407224275
3.7	1.00304706333 +/- 0.000372982113224
3.8	1.00295184946 +/- 0.000389183658563
3.9	1.00357051361 +/- 0.000389489867934
4.0	1.0054058081 +/- 0.000464832966417
4.1	1.00526525696 +/- 0.000443726545481
4.2	1.00685485253 +/- 0.000443878996373
4.3	1.00781820116 +/- 0.000536146023568
4.4	1.00818304861 +/- 0.000498350962783
4.5	1.01101430517 +/- 0.000537715349787
4.6	1.01346202924 +/- 0.000650874988121
4.7	1.01382466086 +/- 0.00068674951084
4.8	1.01789757387 +/- 0.000714210572754
4.9	1.02045295954 +/- 0.000805449506352
5.0	1.02590347666 +/- 0.000815027715325
5.1	1.02833453535 +/- 0.00084206453445
5.2	1.03666860173 +/- 0.0008553920672
5.3	1.04517277098 +/- 0.000895781663833
5.4	1.05638119299 +/- 0.000879454075476
5.5	1.07310205697 +/- 0.00104691098057
5.6	1.09526895996 +/- 0.00107617936855
5.7	1.11879134457 +/- 0.00123071252037
5.8	1.1561749418 +/- 0.00122175812071
5.9	1.20013682211 +/- 0.00128006449148
6.0	1.25394335901 +/- 0.00173510642634
6.1	1.31859990873 +/- 0.00203426636265
6.2	1.39532344048 +/- 0.00246003067258
6.3	1.47305277484 +/- 0.0025488127355
6.4	1.56644681947 +/- 0.00316446739601
6.5	1.66553463756 +/- 0.00305874890852
6.6	1.75460409899 +/- 0.00359840477605
6.7	1.85689670482 +/- 0.00443860560883
6.8	1.94210570977 +/- 0.00441478715139
6.9	2.02873980323 +/- 0.00494201707623
7.0	2.11342513766 +/- 0.00484177167128
7.1	2.178287641 +/- 0.00468265758268
7.2	2.2639955561 +/- 0.00603144902755
7.3	2.32054065628 +/- 0.00730522079709
7.4	2.3646786665 +/- 0.00655269071592
7.5	2.42141963475 +/- 0.00657163665344
7.6	2.47826813946 +/- 0.00782530674432
7.7	2.52031672564 +/- 0.00902086881309
7.8	2.54891633439 +/- 0.00892987019654
7.9	2.58552254756 +/- 0.00932433247801
8.0	2.61609096781 +/- 0.00897523433261
8.1	2.63820762417 +/- 0.0110536120028
8.2	2.68852761837 +/- 0.012312316268
8.3	2.68955676484 +/- 0.0127341064966
8.4	2.68848300898 +/- 0.0117264393489
8.5	2.69982573837 +/- 0.0111995847464
8.6	2.74305366397 +/- 0.013650706031
8.7	2.76533467958 +/- 0.0128189038662
8.8	2.76294139369 +/- 0.0135814155542
8.9	2.79388807784 +/- 0.0152795935123
9.0	2.7954518895 +/- 0.0148393534397


# L = 6.0 
# X: T
# Y: Binder Cumulant
0.0	1.0 +/- 0.0
0.1	1.0 +/- 0.0
0.2	1.0 +/- 0.0
0.3	1.0 +/- 0.0
0.4	1.0 +/- 0.0
0.5	1.0 +/- 0.0
0.6	1.0 +/- 0.0
0.7	1.0 +/- 0.0
0.8	1.0 +/- 0.0
0.9	1.00000182885 +/- 1.89090725179e-06
1.0	0.999999521057 +/- 6.55243682365e-08
1.1	1.00000184643 +/- 2.67285133917e-06
1.2	0.999999201764 +/- 3.26880272586e-06
1.3	1.00000144328 +/- 5.88462766832e-06
1.4	1.00001332183 +/- 1.08190944738e-05
1.5	0.999993911625 +/- 1.32263460115e-05
1.6	0.999994176625 +/- 1.84426375059e-05
1.7	0.999996389289 +/- 2.41708344441e-05
1.8	0.999996246315 +/- 3.27942082722e-05
1.9	0.999992809619 +/- 4.32585368549e-05
2.0	0.999987810881 +/- 4.62940780158e-05
2.1	1.00008203924 +/- 5.83785272526e-05
2.2	0.999980460215 +/- 7.05211660581e-05
2.3	1.00006392584 +/- 7.61250579749e-05
2.4	1.00012012206 +/- 0.000101338014178
2.5	0.999843953643 +/- 0.00011774888152
2.6	1.00000216957 +/- 0.000131117165365
2.7	1.00000594424 +/- 0.000166075658535
2.8	0.999989970931 +/- 0.000128076203388
2.9	1.00035962049 +/- 0.000190114625569
3.0	1.00019559384 +/- 0.00018929890874
3.1	1.00005983886 +/- 0.00025704733926
3.2	1.00056869981 +/- 0.000233520121415
3.3	1.000473762 +/- 0.000234981411003
3.4	1.00047831594 +/- 0.000295486361139
3.5	1.00122164539 +/- 0.000315808994863
3.6	1.00032903702 +/- 0.000320233267452
3.7	1.00124442293 +/- 0.000357292216036
3.8	1.00068708081 +/- 0.00032290195986
3.9	1.00055650607 +/- 0.000408133410057
4.0	1.00074084856 +/- 0.000436017491481
4.1	1.00157903542 +/- 0.000392508035607
4.2	1.00166197723 +/- 0.000494309916252
4.3	1.00217861977 +/- 0.000492016702485
4.4	1.00222864651 +/- 0.000581664090706
4.5	1.00219026547 +/- 0.000561887003773
4.6	1.00419236618 +/- 0.000665978293311
4.7	1.00519260347 +/- 0.000655838202032
4.8	1.00477539597 +/- 0.000654298405955
4.9	1.00656731531 +/- 0.000774494942295
5.0	1.00760060581 +/- 0.000742057019846
5.1	1.00918661251 +/- 0.000800437006433
5.2	1.00999485632 +/- 0.000941107580379
5.3	1.01411036078 +/- 0.00103800139865
5.4	1.01791512254 +/- 0.00106299380707
5.5	1.02219834762 +/- 0.000956504392991
5.6	1.03060884956 +/- 0.00115666268854
5.7	1.04246074424 +/- 0.00125931932101
5.8	1.05659244857 +/- 0.00133194842213
5.9	1.08686756386 +/- 0.0017072757434
6.0	1.1271513343 +/- 0.00184630656359
6.1	1.20871969402 +/- 0.00215196477164
6.2	1.31447742317 +/- 0.00265680570868
6.3	1.46443511412 +/- 0.00346566718825
6.4	1.64567196808 +/- 0.00429442874715
6.5	1.82357351722 +/- 0.00480644355261
6.6	2.00538534727 +/- 0.00628523188187
6.7	2.17943414479 +/- 0.00715623021313
6.8	2.31016607411 +/- 0.00762833351324
6.9	2.40540449348 +/- 0.0081349020501
7.0	2.51008953965 +/- 0.009228560015
7.1	2.58025290916 +/- 0.0121599416343
7.2	2.65787573494 +/- 0.0138279683114
7.3	2.71242955864 +/- 0.0135346514105
7.4	2.77463529797 +/- 0.0172864725857
7.5	2.79348899644 +/- 0.0189006050395
7.6	2.83357253096 +/- 0.0175644688407
7.7	2.80713978965 +/- 0.0198629366187
7.8	2.81299912782 +/- 0.0222017491076
7.9	2.84758037675 +/- 0.021085970833
8.0	2.86658407069 +/- 0.0225608302175
8.1	2.84158397166 +/- 0.0256545451504
8.2	2.87832240498 +/- 0.0247429342957
8.3	2.92228314868 +/- 0.0280691368805
8.4	2.91226084956 +/- 0.0288449709876
8.5	2.88384999078 +/- 0.0276598124686
8.6	2.92400933025 +/- 0.0301529350143
8.7	2.9093861253 +/- 0.0322052964734
8.8	2.95454376318 +/- 0.0320875840341
8.9	2.957455547 +/- 0.0318889056851
9.0	2.95142112797 +/- 0.0308589294432


# L = 8.0 
# X: T
# Y: Binder Cumulant
0.0	1.0 +/- 0.0
0.1	1.0 +/- 0.0
0.2	1.0 +/- 0.0
0.3	1.0 +/- 0.0
0.4	1.0 +/- 0.0
0.5	1.0 +/- 0.0
0.6	1.0 +/- 0.0
0.7	1.0 +/- 0.0
0.8	0.999999984708 +/- 7.55209843122e-09
0.9	0.999999892957 +/- 2.09108192591e-08
1.0	0.999999557038 +/- 3.96887751362e-08
1.1	1.00000005783 +/- 1.97106848061e-06
1.2	0.999999432734 +/- 3.44895937177e-06
1.3	0.99999776648 +/- 5.43772140879e-06
1.4	0.99999937238 +/- 9.25410801436e-06
1.5	1.00000961758 +/- 1.44263282113e-05
1.6	0.999978159571 +/- 1.71627224907e-05
1.7	0.99999241276 +/- 2.34727573377e-05
1.8	1.00000535718 +/- 2.93964807572e-05
1.9	1.00002651209 +/- 4.2241183741e-05
2.0	1.00003269997 +/- 4.82546873652e-05
2.1	0.999917967221 +/- 5.96330217446e-05
2.2	1.00006111419 +/- 8.16357904035e-05
2.3	0.999899002648 +/- 8.86340646147e-05
2.4	1.00007022715 +/- 9.55776572751e-05
2.5	0.99989754162 +/- 0.000114950703041
2.6	1.00029417943 +/- 0.000125024408148
2.7	0.999922986639 +/- 0.000144545777828
2.8	0.999860001581 +/- 0.000148109384782
2.9	1.00005162165 +/- 0.000179336522433
3.0	1.00007727533 +/- 0.000214280248938
3.1	0.999897025212 +/- 0.000218152959278
3.2	1.00061387671 +/- 0.000283805860901
3.3	1.0003383632 +/- 0.000283295057372
3.4	1.00043820178 +/- 0.000337310197774
3.5	1.00049731525 +/- 0.000320766596687
3.6	1.00039758044 +/- 0.000343346151579
3.7	0.999915861339 +/- 0.000357312358108
3.8	1.00071551398 +/- 0.000348614776839
3.9	1.00098013404 +/- 0.000397630028329
4.0	1.001502567 +/- 0.000459421942443
4.1	1.00032116076 +/- 0.000431976605202
4.2	1.00061334194 +/- 0.000533899844004
4.3	1.00080608435 +/- 0.00054673985809
4.4	1.00150423821 +/- 0.000540569781339
4.5	1.00241436407 +/- 0.000696851165073
4.6	1.00136139964 +/- 0.000613656302379
4.7	1.0021658118 +/- 0.000672152903994
4.8	1.00236674149 +/- 0.000670485244438
4.9	1.00357885263 +/- 0.000780296876609
5.0	1.00302108952 +/- 0.000782435740147
5.1	1.004285288 +/- 0.000883713244537
5.2	1.00418181507 +/- 0.000844526130596
5.3	1.00503103701 +/- 0.00107282856936
5.4	1.00812635424 +/- 0.000987532658024
5.5	1.01018702434 +/- 0.00113803542848
5.6	1.01458215307 +/- 0.00105850756798
5.7	1.01783566918 +/- 0.00116021723327
5.8	1.02424870738 +/- 0.0013264807264
5.9	1.03909764432 +/- 0.00145090766512
6.0	1.06127548383 +/- 0.00183906491406
6.1	1.11240771258 +/- 0.00212697567228
6.2	1.21985511358 +/- 0.00296170289649
6.3	1.42332895822 +/- 0.0038991670934
6.4	1.70149629243 +/- 0.00467792537185
6.5	2.00255633822 +/- 0.00742131418031
6.6	2.24996518674 +/- 0.00913544019205
6.7	2.42961676861 +/- 0.0117228893662
6.8	2.59901962659 +/- 0.0151785183346
6.9	2.68980180758 +/- 0.0162042055278
7.0	2.74036115729 +/- 0.0178258280571
7.1	2.82878208987 +/- 0.0203833824782
7.2	2.86525290213 +/- 0.0262914481326
7.3	2.89864382481 +/- 0.0233364353495
7.4	2.86917197684 +/- 0.0236678511161
7.5	2.93007323742 +/- 0.0296658551575
7.6	2.88413275237 +/- 0.0293465689578
7.7	2.90028331339 +/- 0.0379564220168
7.8	2.92620624085 +/- 0.0338423206517
7.9	2.93935248322 +/- 0.0374238661021
8.0	2.93704203268 +/- 0.0349453968498
8.1	2.95482476569 +/- 0.0391458039112
8.2	2.9241479614 +/- 0.0393027130599
8.3	2.94690294889 +/- 0.0413105469488
8.4	3.00681801402 +/- 0.0450342631346
8.5	2.87997249866 +/- 0.045224046527
8.6	2.95899952924 +/- 0.0471125821837
8.7	2.893511487 +/- 0.0448225482914
8.8	2.93618095003 +/- 0.0431126255141
8.9	2.98263942049 +/- 0.0458072845388
9.0	2.97847132324 +/- 0.0543110601675


# L = 10.0 
# X: T
# Y: Binder Cumulant
0.0	1.0 +/- 0.0
0.1	1.0 +/- 0.0
0.2	1.0 +/- 0.0
0.3	1.0 +/- 0.0
0.4	1.0 +/- 0.0
0.5	1.0 +/- 0.0
0.6	1.0 +/- 0.0
0.7	1.0 +/- 0.0
0.8	0.999999998021 +/- 1.9789320663e-09
0.9	0.999999940145 +/- 1.03369307238e-08
1.0	0.999999528886 +/- 2.99870377246e-08
1.1	1.0000019728 +/- 2.77417678934e-06
1.2	0.999995469477 +/- 1.97725846116e-06
1.3	0.999999792398 +/- 6.38827903789e-06
1.4	1.00000171711 +/- 9.45856311887e-06
1.5	0.999965844222 +/- 1.01989060592e-05
1.6	0.999955679438 +/- 1.6199770627e-05
1.7	0.999977475018 +/- 2.53458423279e-05
1.8	1.00001678861 +/- 3.38411337212e-05
1.9	1.00005185379 +/- 4.79116490494e-05
2.0	1.00002639529 +/- 4.73361801166e-05
2.1	1.00005309792 +/- 6.41400495167e-05
2.2	0.999912661232 +/- 7.69597534143e-05
2.3	1.0000788813 +/- 8.40426045315e-05
2.4	1.00008600087 +/- 9.96242566521e-05
2.5	1.00003739986 +/- 0.000117517136408
2.6	0.999937038755 +/- 0.000125678485175
2.7	1.00019193008 +/- 0.00014498750659
2.8	1.0001031103 +/- 0.000161042487148
2.9	0.999896247177 +/- 0.000192301508154
3.0	1.00027401546 +/- 0.000229716034457
3.1	1.00064729596 +/- 0.000226526062956
3.2	1.000120608 +/- 0.000232294451116
3.3	1.00019250797 +/- 0.000271332791703
3.4	0.999800692527 +/- 0.000330148421689
3.5	1.00011098284 +/- 0.000301455661286
3.6	1.00051364425 +/- 0.000376791706955
3.7	0.999744797955 +/- 0.000400465604191
3.8	0.999292124488 +/- 0.000424017652785
3.9	1.00050351658 +/- 0.00041258460871
4.0	1.00083087859 +/- 0.00046126050583
4.1	1.00061735375 +/- 0.00046011558176
4.2	1.00108005633 +/- 0.000517611144219
4.3	1.00110998881 +/- 0.000592748114034
4.4	0.999720103992 +/- 0.000566507561106
4.5	1.00155947842 +/- 0.000644722257355
4.6	1.0001533071 +/- 0.000737210104149
4.7	1.00075215359 +/- 0.000698588888778
4.8	1.0013512126 +/- 0.000660931682974
4.9	1.00113106983 +/- 0.000711701190207
5.0	1.00128274126 +/- 0.000787320664195
5.1	1.00296969966 +/- 0.000821830437998
5.2	1.00367247425 +/- 0.000819133632551
5.3	1.00266089967 +/- 0.000891609651217
5.4	1.00495328686 +/- 0.00101471865217
5.5	1.00503655606 +/- 0.00103415511821
5.6	1.00621942081 +/- 0.00121611680482
5.7	1.00940939136 +/- 0.00141577511643
5.8	1.01197281831 +/- 0.00139062561066
5.9	1.02072505995 +/- 0.00168256247675
6.0	1.03186828049 +/- 0.00167726464624
6.1	1.05995191238 +/- 0.00173432783811
6.2	1.14809129986 +/- 0.00242658339262
6.3	1.37349404846 +/- 0.00340770747227
6.4	1.77747842672 +/- 0.00667779601959
6.5	2.18666620486 +/- 0.00989583196208
6.6	2.46653990765 +/- 0.0111540945107
6.7	2.67407911341 +/- 0.0175159053596
6.8	2.76976523881 +/- 0.0202640829114
6.9	2.84458612104 +/- 0.0235354294287
7.0	2.81704747592 +/- 0.0262055313628
7.1	2.84344903964 +/- 0.0300185537245
7.2	2.91521911165 +/- 0.0302605894584
7.3	2.95362999549 +/- 0.0356951476998
7.4	3.00805100132 +/- 0.0374078715334
7.5	2.88128903592 +/- 0.0377255681806
7.6	2.8972942747 +/- 0.0436194017633
7.7	3.00125493533 +/- 0.0479229487121
7.8	2.94283174488 +/- 0.0527015011239
7.9	2.96874568634 +/- 0.0479383423919
8.0	3.04993652164 +/- 0.0530799534148
8.1	3.02863173678 +/- 0.0621645841781
8.2	2.87427237175 +/- 0.0550301531133
8.3	2.9161703796 +/- 0.0616277764815
8.4	2.9990658026 +/- 0.069123544292
8.5	2.86211387817 +/- 0.0599111484503
8.6	2.86199263487 +/- 0.0670336955431
8.7	2.93294410273 +/- 0.0775316588705
8.8	3.06025310803 +/- 0.0604605230516
8.9	3.06051107486 +/- 0.0713710712395
9.0	2.9415931311 +/- 0.0716808002042


# L = 12.0 
# X: T
# Y: Binder Cumulant
0.0	1.0 +/- 0.0
0.1	1.0 +/- 0.0
0.2	1.0 +/- 0.0
0.3	1.0 +/- 0.0
0.4	1.0 +/- 0.0
0.5	1.0 +/- 0.0
0.6	1.0 +/- 0.0
0.7	1.0 +/- 0.0
0.8	0.999999991974 +/- 2.95825083836e-09
0.9	0.999999922027 +/- 8.64717361299e-09
1.0	1.00000150787 +/- 1.98546790714e-06
1.1	0.999998072454 +/- 4.77683554044e-08
1.2	1.00000143451 +/- 3.92179900879e-06
1.3	1.00000608113 +/- 6.55720705184e-06
1.4	0.99999224475 +/- 8.28136864088e-06
1.5	1.00000708279 +/- 1.64561471219e-05
1.6	1.00000199227 +/- 1.87047986108e-05
1.7	1.000051058 +/- 2.68840149012e-05
1.8	0.999967349966 +/- 3.22106668359e-05
1.9	1.0000669204 +/- 4.18145399184e-05
2.0	1.0000518465 +/- 5.78368157417e-05
2.1	1.00003879606 +/- 6.29308248332e-05
2.2	0.999816303335 +/- 6.9222217047e-05
2.3	1.0000097298 +/- 9.50829088844e-05
2.4	0.999969556411 +/- 9.38450960447e-05
2.5	1.00026942976 +/- 0.000126419419346
2.6	1.00017970499 +/- 0.000120462417929
2.7	0.999938095856 +/- 0.000169714180148
2.8	1.00026690938 +/- 0.000159786817588
2.9	0.999983681138 +/- 0.000188680308189
3.0	0.999953737457 +/- 0.000198628304438
3.1	0.999832701054 +/- 0.000232374622602
3.2	1.00004474648 +/- 0.000225674617695
3.3	0.99968614763 +/- 0.000283952323166
3.4	1.00023886916 +/- 0.000280321059275
3.5	0.999630218536 +/- 0.000278796835492
3.6	1.00014398441 +/- 0.000360430686449
3.7	1.00016622998 +/- 0.000362750444181
3.8	1.00012235855 +/- 0.000469289857548
3.9	0.999868471616 +/- 0.000399851743189
4.0	1.00031750998 +/- 0.000474457347707
4.1	0.999770649322 +/- 0.00053921838789
4.2	1.00016491401 +/- 0.000472306644811
4.3	0.999756155766 +/- 0.000553518913119
4.4	1.0005752413 +/- 0.000569436850438
4.5	0.99977494808 +/- 0.000591534648689
4.6	1.00082039678 +/- 0.00073009693155
4.7	1.00097243896 +/- 0.000721566586047
4.8	1.0003594949 +/- 0.00074164338491
4.9	1.00186256109 +/- 0.000762559726926
5.0	1.0003888444 +/- 0.000821055545552
5.1	1.00213167748 +/- 0.000882375815027
5.2	1.00336199137 +/- 0.000934112821048
5.3	1.00323234578 +/- 0.000940528449683
5.4	1.00176330692 +/- 0.00106861715734
5.5	1.00235425188 +/- 0.00112446398492
5.6	1.00159293687 +/- 0.00127292277391
5.7	1.00678719243 +/- 0.00123385048704
5.8	1.00775466052 +/- 0.00138061377989
5.9	1.0108030999 +/- 0.00161969801416
6.0	1.01733790396 +/- 0.0017201762203
6.1	1.03533114193 +/- 0.00177737156424
6.2	1.08866378046 +/- 0.00216845096638
6.3	1.32350020834 +/- 0.00361334247425
6.4	1.8489787923 +/- 0.00756904944068
6.5	2.34133911027 +/- 0.0106682775141
6.6	2.60587757386 +/- 0.0159748208642
6.7	2.7597258099 +/- 0.0208791891574
6.8	2.87228225763 +/- 0.0237746614206
6.9	2.93401419971 +/- 0.0288027756893
7.0	2.91687704973 +/- 0.0379562961708
7.1	2.91945340691 +/- 0.0416355209823
7.2	2.97190444512 +/- 0.0420753317219
7.3	2.9420316312 +/- 0.0503713348797
7.4	2.91167447806 +/- 0.0477432958599
7.5	2.92713512974 +/- 0.0584837162257
7.6	2.9249800839 +/- 0.0509039138525
7.7	2.94405758116 +/- 0.0573672445835
7.8	3.04798052873 +/- 0.0702252534293
7.9	2.98313225222 +/- 0.0696219308814
8.0	2.96296927621 +/- 0.0818177601065
8.1	3.06209924206 +/- 0.0734098707391
8.2	2.95686602382 +/- 0.0769047894446
8.3	3.08159823194 +/- 0.0903017078731
8.4	2.92539267103 +/- 0.0777617708775
8.5	2.97798574998 +/- 0.0966866271555
8.6	2.98433280202 +/- 0.10418223339
8.7	2.87543668421 +/- 0.094727361032
8.8	3.02212052926 +/- 0.116184218391
8.9	2.95244014698 +/- 0.086197396222
9.0	3.07588055004 +/- 0.0961156809562


