# L = 8.0 
# X: T
# Y: Binder Cumulant
0.0	1.0 +/- 0.0
0.1	1.0 +/- 0.0
0.2	1.0 +/- 0.0
0.3	1.0 +/- 0.0
0.4	1.0 +/- 0.0
0.5	0.999999565139 +/- 8.46978269459e-08
0.6	1.00000075104 +/- 3.52430682207e-06
0.7	0.999989567882 +/- 7.48815483423e-06
0.8	1.00000013182 +/- 1.67964872733e-05
0.9	0.999987242366 +/- 3.15877451187e-05
1.0	1.00010081543 +/- 5.55297963162e-05
1.1	1.00013294731 +/- 7.87488782158e-05
1.2	1.0002848091 +/- 9.99666191038e-05
1.3	1.00041179774 +/- 0.000107033118339
1.4	1.00095327771 +/- 0.000149689197431
1.5	1.00123464676 +/- 0.000211532093927
1.6	1.00267449777 +/- 0.000286186396586
1.7	1.00407313474 +/- 0.00036621877352
1.8	1.00750619276 +/- 0.000384843217658
1.9	1.01802341682 +/- 0.000492834857934
2.0	1.04274634732 +/- 0.000656233774942
2.1	1.10666935382 +/- 0.00104718914527
2.2	1.25904969079 +/- 0.00153055932344
2.3	1.52186575733 +/- 0.00213708470491
2.4	1.83695535415 +/- 0.00253140288967
2.5	2.12639681985 +/- 0.00504810066542
2.6	2.35004405807 +/- 0.00748042406282
2.7	2.49883123904 +/- 0.00747847457513
2.8	2.61596803188 +/- 0.0105226245142
2.9	2.69629464113 +/- 0.0121803172096
3.0	2.76081234137 +/- 0.0126148618435
3.1	2.78755747083 +/- 0.0155514980478
3.2	2.82135779959 +/- 0.0184160181152
3.3	2.84020920383 +/- 0.0181234532924
3.4	2.85003229274 +/- 0.0190540890132
3.5	2.86310259437 +/- 0.02299595429
3.6	2.85846737117 +/- 0.0243152592136
3.7	2.94334661022 +/- 0.0259570386118
3.8	2.90934334869 +/- 0.0209836811712
3.9	2.89847412968 +/- 0.0198039767612
4.0	2.89559571366 +/- 0.0203561599808


# L = 28.0 
# X: T
# Y: Binder Cumulant
0.0	1.0 +/- 0.0
0.1	1.0 +/- 0.0
0.2	1.0 +/- 0.0
0.3	1.0 +/- 0.0
0.4	0.999999990061 +/- 4.61893392061e-09
0.5	0.999999561013 +/- 2.73892407027e-08
0.6	0.999999434082 +/- 3.36062137484e-06
0.7	0.999998895133 +/- 1.00937713496e-05
0.8	0.999982182381 +/- 1.97507382934e-05
0.9	1.00003023062 +/- 3.14665388418e-05
1.0	0.999970413297 +/- 4.83707235486e-05
1.1	0.999957522309 +/- 7.83834420448e-05
1.2	1.0000136531 +/- 0.000101757403464
1.3	1.00014300819 +/- 0.000155937824156
1.4	0.999549659381 +/- 0.000181644896817
1.5	1.00000838041 +/- 0.0002599308213
1.6	0.999842085646 +/- 0.000302685462096
1.7	1.00026978025 +/- 0.000382183696769
1.8	1.00071078591 +/- 0.000494642252803
1.9	1.00261728991 +/- 0.000665673165794
2.0	1.00614425924 +/- 0.000756512877434
2.1	1.0436579001 +/- 0.00112807892636
2.2	1.69035723448 +/- 0.00387066558587
2.3	2.58408895435 +/- 0.0115297693717
2.4	2.81991838698 +/- 0.0194427581385
2.5	2.95023593101 +/- 0.03131949949
2.6	2.97726822469 +/- 0.0327338561502
2.7	2.96961702726 +/- 0.0458719226389
2.8	3.00590075819 +/- 0.054094980961
2.9	3.00061529907 +/- 0.0581624931786
3.0	2.96182493446 +/- 0.0629865068113
3.1	2.98882789908 +/- 0.0581480369557
3.2	2.97399615823 +/- 0.0833878079781
3.3	3.05568613461 +/- 0.0939440360017
3.4	2.8216496391 +/- 0.0721403008394
3.5	2.74600610021 +/- 0.0754972466408
3.6	2.96675509644 +/- 0.0917501022845
3.7	2.97713615965 +/- 0.105229422202
3.8	2.9338447025 +/- 0.0979550278631
3.9	2.97778475655 +/- 0.0993108421851
4.0	3.01930523727 +/- 0.116451872154


# L = 40.0 
# X: T
# Y: Binder Cumulant
0.0	1.0 +/- 0.0
0.1	1.0 +/- 0.0
0.2	1.0 +/- 0.0
0.3	1.0 +/- 0.0
0.4	0.999999995003 +/- 1.99727489115e-09
0.5	1.00000156728 +/- 2.00065589203e-06
0.6	0.999999409659 +/- 3.43002532908e-06
0.7	1.00000535327 +/- 1.01737913549e-05
0.8	0.999989890729 +/- 1.98992929417e-05
0.9	0.999958226699 +/- 3.72314317082e-05
1.0	1.00001386753 +/- 5.31879953241e-05
1.1	1.00008515193 +/- 8.24188355165e-05
1.2	1.0001186695 +/- 0.000111338522945
1.3	1.00016339498 +/- 0.000147950624318
1.4	1.000091931 +/- 0.000219590662841
1.5	0.999993335561 +/- 0.000264836409475
1.6	0.999777382812 +/- 0.000329515571407
1.7	1.00053930185 +/- 0.000383207569243
1.8	1.00067501533 +/- 0.000451643682376
1.9	1.00089630384 +/- 0.00059183224008
2.0	1.00316367868 +/- 0.000742368366012
2.1	1.02732298013 +/- 0.00108354343064
2.2	1.99551363447 +/- 0.00556744115056
2.3	2.77462204879 +/- 0.0181316300783
2.4	2.89140640604 +/- 0.0302077594909
2.5	2.94903555169 +/- 0.0462334282607
2.6	2.94771445999 +/- 0.0533168043981
2.7	2.98588567503 +/- 0.0583608737035
2.8	2.97865800628 +/- 0.0686849718139
2.9	2.9503570218 +/- 0.0831680455282
3.0	3.05356638605 +/- 0.107200527086
3.1	2.97211690054 +/- 0.0987716870618
3.2	2.97419941251 +/- 0.0957360482513
3.3	3.08116097983 +/- 0.110532984124
3.4	3.20726787943 +/- 0.14204054866
3.5	2.9122983125 +/- 0.109342159108
3.6	2.92843930183 +/- 0.136943766316
3.7	3.05644300889 +/- 0.137851940873
3.8	2.99262132479 +/- 0.121697774805
3.9	3.00610491265 +/- 0.166769480642
4.0	3.01368444467 +/- 0.206683807068


# L = 16.0 
# X: T
# Y: Binder Cumulant
0.0	1.0 +/- 0.0
0.1	1.0 +/- 0.0
0.2	1.0 +/- 0.0
0.3	1.0 +/- 0.0
0.4	0.999999989742 +/- 7.2232255047e-09
0.5	0.999999548066 +/- 4.20107003903e-08
0.6	0.999997258181 +/- 2.58554332651e-06
0.7	0.999985367909 +/- 7.46651922661e-06
0.8	1.00000691048 +/- 1.66555837066e-05
0.9	0.999993766345 +/- 3.81692730168e-05
1.0	1.00008764867 +/- 5.19937352074e-05
1.1	1.00003320478 +/- 7.70912717706e-05
1.2	0.999921741889 +/- 0.000122864987594
1.3	1.00000991831 +/- 0.000138369444173
1.4	1.00026491217 +/- 0.000197568372874
1.5	1.00018560252 +/- 0.00023498505496
1.6	1.00118857621 +/- 0.00030704432245
1.7	1.0022586267 +/- 0.000371016764677
1.8	1.00240137366 +/- 0.00039628020849
1.9	1.00537314178 +/- 0.000543636101385
2.0	1.0138244749 +/- 0.000724979594346
2.1	1.07572236231 +/- 0.00105403280866
2.2	1.40744599 +/- 0.00200189486769
2.3	2.04808389259 +/- 0.00457266545661
2.4	2.49567745405 +/- 0.00886094709449
2.5	2.71374897934 +/- 0.0135837338364
2.6	2.81928852946 +/- 0.0168548885624
2.7	2.89339347051 +/- 0.0227202118953
2.8	2.87960810924 +/- 0.0271523830365
2.9	2.93743975342 +/- 0.0266821059873
3.0	2.97916653723 +/- 0.0326422446253
3.1	3.01882211382 +/- 0.0357516569796
3.2	2.99711609502 +/- 0.0379840088338
3.3	2.97219683476 +/- 0.0375800528749
3.4	2.92267287907 +/- 0.0435614646418
3.5	2.9223763656 +/- 0.0480933153335
3.6	3.06195434833 +/- 0.0535060964381
3.7	3.04240179456 +/- 0.0547141278261
3.8	3.00333869945 +/- 0.0514308460242
3.9	2.85116895981 +/- 0.0422466956141
4.0	3.01176542437 +/- 0.0628449912789


# L = 32.0 
# X: T
# Y: Binder Cumulant
0.0	1.0 +/- 0.0
0.1	1.0 +/- 0.0
0.2	1.0 +/- 0.0
0.3	1.0 +/- 0.0
0.4	0.999999994883 +/- 2.52724036312e-09
0.5	0.999999518981 +/- 2.63356888935e-08
0.6	0.999995383139 +/- 1.97529826489e-06
0.7	1.00002934637 +/- 1.19244983354e-05
0.8	0.999985683514 +/- 2.1173718755e-05
0.9	1.00000856405 +/- 3.1368814852e-05
1.0	1.00000102811 +/- 5.53718076719e-05
1.1	0.999872865573 +/- 8.14078643967e-05
1.2	0.999981869224 +/- 0.000114406887054
1.3	1.00017864731 +/- 0.000173313094892
1.4	0.999652528014 +/- 0.000198515797169
1.5	1.00032365198 +/- 0.000249831956881
1.6	1.00043018348 +/- 0.000325041790424
1.7	1.00035216497 +/- 0.000402567131635
1.8	1.00054764354 +/- 0.000415812405666
1.9	1.00052307152 +/- 0.000601633201478
2.0	1.00308821548 +/- 0.000818556704412
2.1	1.03679549475 +/- 0.00108231086127
2.2	1.78665485987 +/- 0.0042612150764
2.3	2.674822353 +/- 0.0148361518605
2.4	2.87716312014 +/- 0.0268766320274
2.5	2.96495837042 +/- 0.0369311187775
2.6	3.02173960895 +/- 0.0338496278748
2.7	2.925048555 +/- 0.0463457497865
2.8	3.0087167386 +/- 0.0653782764855
2.9	2.99530169975 +/- 0.0665331254507
3.0	3.02352823056 +/- 0.0679245603058
3.1	3.00455415206 +/- 0.0779372901496
3.2	2.93036141393 +/- 0.0876220949095
3.3	2.90467454697 +/- 0.0707481056988
3.4	2.91829710981 +/- 0.0882322651699
3.5	3.11152443843 +/- 0.104327233951
3.6	2.73084817305 +/- 0.0910159640647
3.7	2.97444130804 +/- 0.117386876697
3.8	3.03265642148 +/- 0.12124481863
3.9	2.88978036999 +/- 0.11146812741
4.0	3.09133674768 +/- 0.119008117929


# L = 24.0 
# X: T
# Y: Binder Cumulant
0.0	1.0 +/- 0.0
0.1	1.0 +/- 0.0
0.2	1.0 +/- 0.0
0.3	1.0 +/- 0.0
0.4	0.999999991131 +/- 4.38137523035e-09
0.5	0.999999631953 +/- 3.09227181115e-08
0.6	0.999995481324 +/- 1.93188893518e-06
0.7	0.999994259858 +/- 8.42648459367e-06
0.8	1.00000705482 +/- 1.91278625443e-05
0.9	1.00003111866 +/- 3.15418611033e-05
1.0	0.999955740702 +/- 5.0825447789e-05
1.1	1.00021651369 +/- 8.38649633456e-05
1.2	0.999872067973 +/- 0.00011652915248
1.3	0.999819331191 +/- 0.000156580087127
1.4	1.00014370082 +/- 0.000209340963854
1.5	1.00011015676 +/- 0.000250900942786
1.6	1.00001700289 +/- 0.000300738333286
1.7	1.00002959042 +/- 0.00040029055633
1.8	1.00080833065 +/- 0.000462546827438
1.9	1.00196327747 +/- 0.000577169495707
2.0	1.00770806172 +/- 0.000760863182745
2.1	1.05236987821 +/- 0.000958087903754
2.2	1.58492146574 +/- 0.00304307225106
2.3	2.47013261762 +/- 0.00971350555973
2.4	2.79480555078 +/- 0.0162150203293
2.5	2.86315166417 +/- 0.0219250264955
2.6	2.91669630522 +/- 0.030797997042
2.7	2.9112120385 +/- 0.0376839490552
2.8	2.96805345175 +/- 0.0435393656266
2.9	2.98633876843 +/- 0.0507955761351
3.0	3.00720941755 +/- 0.0439605881773
3.1	2.98774939037 +/- 0.0622751127309
3.2	3.02578271861 +/- 0.0638227347079
3.3	2.89782855086 +/- 0.0692639279591
3.4	3.03729306413 +/- 0.0583576269315
3.5	2.92947283766 +/- 0.0755552094527
3.6	3.01013814262 +/- 0.0763719715316
3.7	2.92725692497 +/- 0.0729656238546
3.8	2.97988793696 +/- 0.0898140139969
3.9	3.04086604707 +/- 0.0918483286204
4.0	3.21828218218 +/- 0.107341476523


# L = 20.0 
# X: T
# Y: Binder Cumulant
0.0	1.0 +/- 0.0
0.1	1.0 +/- 0.0
0.2	1.0 +/- 0.0
0.3	1.0 +/- 0.0
0.4	0.999999993417 +/- 6.58323253905e-09
0.5	0.999999581857 +/- 3.39613409451e-08
0.6	0.999999656577 +/- 3.38263661292e-06
0.7	1.00000668612 +/- 1.02205848403e-05
0.8	1.00000802982 +/- 1.88715447743e-05
0.9	0.999988219871 +/- 3.16459834045e-05
1.0	0.999927793157 +/- 5.55692090204e-05
1.1	1.00001423401 +/- 7.48318599942e-05
1.2	0.999792463922 +/- 0.000104119392066
1.3	1.0002301217 +/- 0.000162740372522
1.4	0.999976581314 +/- 0.000201071320679
1.5	1.00005332493 +/- 0.000234990376891
1.6	1.00006789046 +/- 0.000313919557769
1.7	1.00078755806 +/- 0.000374771320928
1.8	1.00117730079 +/- 0.000432430508033
1.9	1.00296331079 +/- 0.000601313659594
2.0	1.00866654016 +/- 0.000780725911148
2.1	1.06254261524 +/- 0.00115367134688
2.2	1.49255834402 +/- 0.00289288376476
2.3	2.27521492692 +/- 0.0058835164514
2.4	2.67206795439 +/- 0.0140682648773
2.5	2.81649840232 +/- 0.0192993274409
2.6	2.86287078228 +/- 0.0296386897035
2.7	2.90754935788 +/- 0.0314938989355
2.8	2.92665893533 +/- 0.0354678195409
2.9	2.93174631036 +/- 0.045164793934
3.0	2.95667184269 +/- 0.0402631525423
3.1	3.0006373555 +/- 0.0485777305305
3.2	2.9561705037 +/- 0.047609427726
3.3	3.05388700729 +/- 0.0564720336643
3.4	3.02799220027 +/- 0.0618931387942
3.5	2.94634837355 +/- 0.0649689900648
3.6	2.89780864125 +/- 0.055052073529
3.7	2.8568532772 +/- 0.0523667534761
3.8	3.06501552111 +/- 0.0806262451048
3.9	3.07146113141 +/- 0.085928341658
4.0	3.09095720214 +/- 0.078159696627


