# L = 24.0 
# X: T
# Y: |Magnetization|
1.9	0.915940178959 +/- 3.46697342386e-05
1.91	0.912279199271 +/- 3.47005609785e-05
1.92	0.908436204615 +/- 3.45262609612e-05
1.93	0.904367611219 +/- 3.70658602253e-05
1.94	0.899995974906 +/- 4.0019017204e-05
1.95	0.895469529277 +/- 4.36569210332e-05
1.96	0.89073821436 +/- 4.30097792632e-05
1.97	0.88548132196 +/- 4.55442398241e-05
1.98	0.880041479552 +/- 5.19825742973e-05
1.99	0.874180875723 +/- 5.77457357705e-05
2.0	0.867910203803 +/- 5.5715581533e-05
2.01	0.861078069752 +/- 6.64993074978e-05
2.02	0.853942527211 +/- 6.67741799703e-05
2.03	0.846029917927 +/- 8.36399788197e-05
2.04	0.837300820122 +/- 8.84995321399e-05
2.05	0.827700633309 +/- 0.000112641057976
2.06	0.817012584845 +/- 0.000108999167973
2.07	0.804934070394 +/- 0.000134165486501
2.08	0.79150929903 +/- 0.000160631172289
2.09	0.77599782074 +/- 0.000175772202018
2.1	0.758216258795 +/- 0.000221808301992
2.11	0.737855531488 +/- 0.000248100601771
2.12	0.714290168408 +/- 0.000311909239037
2.13	0.686590861163 +/- 0.000324089804475
2.14	0.655518009666 +/- 0.000420755009538
2.15	0.621218324211 +/- 0.00045401428847
2.16	0.583397778455 +/- 0.000512153070527
2.17	0.543651294297 +/- 0.000574581922146
2.18	0.503967836018 +/- 0.000623976945199
2.19	0.463295593168 +/- 0.000592081801547
2.2	0.426919013673 +/- 0.000540804524333
2.21	0.392326213082 +/- 0.000557598990884
2.22	0.3600695991 +/- 0.000570130796397
2.23	0.331538227005 +/- 0.000533142499684
2.24	0.306770553122 +/- 0.000511483393029
2.25	0.285256441576 +/- 0.000480831973205
2.26	0.265050393343 +/- 0.000480608697638
2.27	0.247543967061 +/- 0.000383050482726
2.28	0.233340440108 +/- 0.000445561030439
2.29	0.218993217762 +/- 0.000337456555238
2.3	0.208075914237 +/- 0.000408722114769


# L = 16.0 
# X: T
# Y: |Magnetization|
1.9	0.915948360839 +/- 5.14685895338e-05
1.91	0.912315253128 +/- 4.74540316732e-05
1.92	0.908406404359 +/- 5.33801903713e-05
1.93	0.904460891614 +/- 5.61091550304e-05
1.94	0.899974203866 +/- 5.80889836165e-05
1.95	0.895379241175 +/- 5.99005787076e-05
1.96	0.890684822357 +/- 7.17131436174e-05
1.97	0.885600724196 +/- 8.32862313709e-05
1.98	0.879982638548 +/- 7.87789081171e-05
1.99	0.874243564926 +/- 9.0441297662e-05
2.0	0.867890758029 +/- 8.85856382479e-05
2.01	0.861179761802 +/- 0.000109710103961
2.02	0.853944416776 +/- 0.000107844872516
2.03	0.846031635661 +/- 0.000119004213356
2.04	0.837353102045 +/- 0.000137157164023
2.05	0.827786836033 +/- 0.000162337782007
2.06	0.817576499142 +/- 0.000167278451908
2.07	0.806208171162 +/- 0.000181115997792
2.08	0.793508294233 +/- 0.000226336366832
2.09	0.779471903437 +/- 0.000238753545575
2.1	0.76431134217 +/- 0.000236079758142
2.11	0.747306807618 +/- 0.000305038846596
2.12	0.727988652324 +/- 0.000299340598605
2.13	0.708475039602 +/- 0.000382894994036
2.14	0.685609443906 +/- 0.000371270582574
2.15	0.661677206404 +/- 0.000463273250887
2.16	0.637157626541 +/- 0.000484565938398
2.17	0.610110916765 +/- 0.000505385160038
2.18	0.583875306586 +/- 0.000528703161108
2.19	0.556004445838 +/- 0.000648602316573
2.2	0.527662359393 +/- 0.000528097537153
2.21	0.500212322497 +/- 0.000574029974838
2.22	0.474443050226 +/- 0.000602087158311
2.23	0.449838518281 +/- 0.000540180828181
2.24	0.425298265299 +/- 0.000558865711149
2.25	0.402222977517 +/- 0.000500291350924
2.26	0.380669711107 +/- 0.000480436254166
2.27	0.361236984194 +/- 0.000545431858588
2.28	0.342788213067 +/- 0.000463380676764
2.29	0.325903309623 +/- 0.00046749733383
2.3	0.310606675185 +/- 0.000418966611536


# L = 8.0 
# X: T
# Y: |Magnetization|
1.9	0.915879873936 +/- 7.69106329431e-05
1.91	0.912229735136 +/- 9.89342713197e-05
1.92	0.90837672778 +/- 0.000103498967123
1.93	0.904395323546 +/- 8.92482883409e-05
1.94	0.900144484943 +/- 0.000111244208965
1.95	0.895717790171 +/- 0.000112208615474
1.96	0.89086673425 +/- 0.000123113507545
1.97	0.885835457769 +/- 0.000136957203564
1.98	0.880379366338 +/- 0.000140397285067
1.99	0.874749335853 +/- 0.00014841369972
2.0	0.869060856901 +/- 0.000162071771631
2.01	0.862854078574 +/- 0.000172854918494
2.02	0.85626589585 +/- 0.000167614158321
2.03	0.849542378042 +/- 0.000176119770049
2.04	0.841770570798 +/- 0.000208890316828
2.05	0.834075807346 +/- 0.000236125478324
2.06	0.825860032261 +/- 0.000246107244108
2.07	0.817496708766 +/- 0.000282382652254
2.08	0.808524523929 +/- 0.000284867242098
2.09	0.798636030306 +/- 0.000288953160893
2.1	0.78812476951 +/- 0.000290526028384
2.11	0.777656457271 +/- 0.000313072470601
2.12	0.766729398169 +/- 0.000317862854755
2.13	0.755459267519 +/- 0.000354749419206
2.14	0.743100113527 +/- 0.000388155631008
2.15	0.730994120782 +/- 0.000371986109019
2.16	0.718759738949 +/- 0.00041174980773
2.17	0.704831409515 +/- 0.000402935616007
2.18	0.693308673912 +/- 0.000404353210789
2.19	0.678877353537 +/- 0.000383028516202
2.2	0.664224233331 +/- 0.000399366737949
2.21	0.650788600169 +/- 0.000471163642569
2.22	0.636525929581 +/- 0.000391258476671
2.23	0.620706194167 +/- 0.000464445996586
2.24	0.607575705527 +/- 0.000423546656875
2.25	0.592882547142 +/- 0.000472471908786
2.26	0.578492014988 +/- 0.000501632955168
2.27	0.564894513608 +/- 0.00047411033309
2.28	0.551008136327 +/- 0.000473533575834
2.29	0.537908220359 +/- 0.000431316083794
2.3	0.525229917005 +/- 0.000476340412972


# L = 32.0 
# X: T
# Y: |Magnetization|
1.9	0.915959775954 +/- 2.3684836729e-05
1.91	0.912297418985 +/- 2.43769527665e-05
1.92	0.908423360398 +/- 2.57102766202e-05
1.93	0.90437818137 +/- 2.77650686963e-05
1.94	0.900033687812 +/- 2.99519767842e-05
1.95	0.895481406266 +/- 3.16893704823e-05
1.96	0.890660029865 +/- 3.13614051155e-05
1.97	0.885613794937 +/- 3.87643299539e-05
1.98	0.880086828591 +/- 4.14374686967e-05
1.99	0.874252794348 +/- 4.13693292755e-05
2.0	0.868008350438 +/- 4.43994737094e-05
2.01	0.861189712342 +/- 5.1732135318e-05
2.02	0.854030108811 +/- 5.5534612275e-05
2.03	0.845966656797 +/- 6.77491970841e-05
2.04	0.837271924436 +/- 7.13457664995e-05
2.05	0.827699141685 +/- 8.07082007063e-05
2.06	0.816900409874 +/- 9.73232133699e-05
2.07	0.804918968884 +/- 0.000104285284498
2.08	0.791208435872 +/- 0.000121356298966
2.09	0.775707684351 +/- 0.000146200442632
2.1	0.756872470996 +/- 0.000193514592536
2.11	0.734634564424 +/- 0.000211931260206
2.12	0.707522068471 +/- 0.000281365944671
2.13	0.675182963103 +/- 0.0003419390967
2.14	0.636496764078 +/- 0.000382714561047
2.15	0.591215162449 +/- 0.000494945408812
2.16	0.541068918454 +/- 0.000610453952161
2.17	0.490489257645 +/- 0.000575534252595
2.18	0.43842992367 +/- 0.000532976919429
2.19	0.391856404665 +/- 0.000562525758509
2.2	0.34884247092 +/- 0.000536472797709
2.21	0.311614803244 +/- 0.00055978997796
2.22	0.28154647261 +/- 0.000510182532395
2.23	0.254944077845 +/- 0.000485658029745
2.24	0.233310628515 +/- 0.000424633428105
2.25	0.214758160055 +/- 0.000402549589324
2.26	0.198831502335 +/- 0.000379800971848
2.27	0.185125413482 +/- 0.000368640353748
2.28	0.174038212418 +/- 0.000338038666059
2.29	0.163724702938 +/- 0.00033648012122
2.3	0.154882557511 +/- 0.000312686361248


# L = 40.0 
# X: T
# Y: |Magnetization|
1.9	0.91593841383 +/- 1.88160038651e-05
1.91	0.912300890999 +/- 1.79607106862e-05
1.92	0.908440937744 +/- 2.1373597852e-05
1.93	0.904348463058 +/- 2.23318298239e-05
1.94	0.900054708849 +/- 2.5527528889e-05
1.95	0.895532293299 +/- 2.52997578526e-05
1.96	0.890694331651 +/- 2.54735368193e-05
1.97	0.885533194242 +/- 2.79706675647e-05
1.98	0.880069989139 +/- 3.13529022285e-05
1.99	0.874285463716 +/- 3.47768890563e-05
2.0	0.86798033987 +/- 3.86456107786e-05
2.01	0.861274824821 +/- 4.06087992847e-05
2.02	0.85387612951 +/- 4.67140332446e-05
2.03	0.845918639217 +/- 4.61725326463e-05
2.04	0.837212683979 +/- 5.84158749166e-05
2.05	0.827760063494 +/- 6.3102479154e-05
2.06	0.816915612556 +/- 6.60360451359e-05
2.07	0.805093428404 +/- 9.06574324245e-05
2.08	0.791417958931 +/- 9.24398100775e-05
2.09	0.775495101813 +/- 0.000112107255292
2.1	0.756494317708 +/- 0.000142019051456
2.11	0.733500614051 +/- 0.000185061404446
2.12	0.704327473111 +/- 0.000251867315813
2.13	0.668255107494 +/- 0.000322849626988
2.14	0.622527533023 +/- 0.000431068080919
2.15	0.566704720248 +/- 0.000500739415434
2.16	0.505756005937 +/- 0.000551103507773
2.17	0.441286269575 +/- 0.000634798146602
2.18	0.382278315898 +/- 0.000645981215784
2.19	0.330597497749 +/- 0.000598838490404
2.2	0.288169091468 +/- 0.000504416728881
2.21	0.254288763965 +/- 0.000449556471351
2.22	0.226318861003 +/- 0.000412649006372
2.23	0.20386741666 +/- 0.000401767555531
2.24	0.185765535242 +/- 0.000363861024883
2.25	0.170569158763 +/- 0.000360233343817
2.26	0.158105758016 +/- 0.000321457919545
2.27	0.147651165434 +/- 0.000323745737001
2.28	0.138110157869 +/- 0.000304965173551
2.29	0.129583039737 +/- 0.000295376769777
2.3	0.123559773013 +/- 0.000262419191163


