# L = 8.0 
# X: T
# Y: Connected Susceptibility
1.9	0.454626991992 +/- 0.020338007114
1.91	0.486312058188 +/- 0.0220983487779
1.92	0.558516787386 +/- 0.0227188441406
1.93	0.567116673435 +/- 0.0234972818286
1.94	0.630555810865 +/- 0.0237076068378
1.95	0.698681170067 +/- 0.0210653373462
1.96	0.772296636073 +/- 0.0193212593956
1.97	0.845026612064 +/- 0.0228123395344
1.98	0.942690940736 +/- 0.023730215762
1.99	0.989866142543 +/- 0.0250382976794
2.0	1.0979287507 +/- 0.0241021417879
2.01	1.18598029692 +/- 0.0219644256386
2.02	1.28464997654 +/- 0.0272798814806
2.03	1.40491798614 +/- 0.0236159414902
2.04	1.54919910162 +/- 0.0281418970626
2.05	1.67527186513 +/- 0.0309855052689
2.06	1.84464884305 +/- 0.0281478265274
2.07	1.98366258594 +/- 0.0319975381688
2.08	2.15953438214 +/- 0.0261234993037
2.09	2.34804446577 +/- 0.0286573802488
2.1	2.58263935676 +/- 0.0300886720603
2.11	2.71123073145 +/- 0.0310761407604
2.12	2.90541734434 +/- 0.0292214314121
2.13	3.09219979494 +/- 0.0281390303484
2.14	3.3583119208 +/- 0.0316540506839
2.15	3.50256177848 +/- 0.030131891029
2.16	3.71029065868 +/- 0.0289927667255
2.17	3.9025488518 +/- 0.0248852868621
2.18	4.00000615912 +/- 0.0306780468636
2.19	4.22090044637 +/- 0.0251374257792
2.2	4.3622242785 +/- 0.0270009814571
2.21	4.5798372551 +/- 0.0268333080366
2.22	4.65616800576 +/- 0.0277757783066
2.23	4.83804869283 +/- 0.0240514876804
2.24	4.8520735768 +/- 0.0239677401071
2.25	4.98056557472 +/- 0.0256539032637
2.26	5.02904257525 +/- 0.0262950465642
2.27	5.05760382447 +/- 0.0230957592618
2.28	5.07412576107 +/- 0.0223582156653
2.29	5.08705229111 +/- 0.0241261573771
2.3	5.10668167068 +/- 0.0233932398363


# L = 16.0 
# X: T
# Y: Connected Susceptibility
1.9	0.595258483911 +/- 0.10784964743
1.91	0.472735526186 +/- 0.110773420699
1.92	0.463481897049 +/- 0.103120461386
1.93	0.460960277578 +/- 0.117373692738
1.94	0.727624779595 +/- 0.103796295569
1.95	0.620509706742 +/- 0.106500295837
1.96	0.725522080645 +/- 0.104868130106
1.97	0.914601066225 +/- 0.105084177812
1.98	0.923011463898 +/- 0.115024201112
1.99	1.09652072519 +/- 0.101970903302
2.0	1.37287879261 +/- 0.103890543635
2.01	1.2618757348 +/- 0.108330621174
2.02	1.53304560436 +/- 0.108500526125
2.03	2.06993061792 +/- 0.116054617145
2.04	2.24866608428 +/- 0.122429192899
2.05	2.7822337604 +/- 0.1128176388
2.06	3.31839339966 +/- 0.104906073751
2.07	4.0428848163 +/- 0.135307998277
2.08	4.47705689421 +/- 0.110488158011
2.09	5.15291534473 +/- 0.11383483323
2.1	6.12278864124 +/- 0.10263697771
2.11	7.36164873304 +/- 0.118088834296
2.12	8.61125341057 +/- 0.134481584951
2.13	9.56139943261 +/- 0.120630735777
2.14	11.0149207828 +/- 0.130517056579
2.15	12.4875432836 +/- 0.112274083655
2.16	13.4918962104 +/- 0.110382130945
2.17	14.8878448018 +/- 0.1203504062
2.18	15.6394860871 +/- 0.120184785994
2.19	16.5872883075 +/- 0.11132282465
2.2	17.2357860994 +/- 0.0974456295794
2.21	17.2904265939 +/- 0.105413966618
2.22	17.3607548259 +/- 0.111082084436
2.23	17.1273734218 +/- 0.0925412239539
2.24	16.8388833251 +/- 0.0696295264976
2.25	16.3649440985 +/- 0.081845852706
2.26	15.6060786956 +/- 0.0705436859869
2.27	15.013200371 +/- 0.0697970708323
2.28	14.1496537392 +/- 0.0619096296491
2.29	13.4513778508 +/- 0.0715927845029
2.3	12.6740129819 +/- 0.0636570238336


# L = 24.0 
# X: T
# Y: Connected Susceptibility
1.9	0.426072007675 +/- 0.243926791752
1.91	0.48877143783 +/- 0.249810699895
1.92	0.454014972662 +/- 0.226536887594
1.93	0.584247868166 +/- 0.214890576786
1.94	0.492381743518 +/- 0.257450529551
1.95	0.648338471274 +/- 0.25844946183
1.96	0.655084249904 +/- 0.254200813251
1.97	1.04476031803 +/- 0.224639162531
1.98	1.1560904841 +/- 0.255842641229
1.99	1.18237029896 +/- 0.222843838309
2.0	1.44542220455 +/- 0.221662942194
2.01	1.51170399138 +/- 0.255821473264
2.02	1.82023132261 +/- 0.247455302894
2.03	2.01167388683 +/- 0.228112424525
2.04	2.71412900095 +/- 0.275297444814
2.05	2.69672712071 +/- 0.276626878941
2.06	2.77534738731 +/- 0.262184175655
2.07	3.9242101337 +/- 0.282781416557
2.08	5.36232775434 +/- 0.242170610324
2.09	7.1067641888 +/- 0.268703078434
2.1	9.20118446278 +/- 0.250225985949
2.11	11.5448681642 +/- 0.262600561374
2.12	14.0846845975 +/- 0.280195313581
2.13	18.550972913 +/- 0.268679772414
2.14	22.3055968789 +/- 0.28632213657
2.15	25.9466314653 +/- 0.257940579643
2.16	29.4372746289 +/- 0.265507541895
2.17	32.8145642677 +/- 0.261318535773
2.18	34.8556019139 +/- 0.221563032208
2.19	35.7749130586 +/- 0.22488681348
2.2	35.4580730467 +/- 0.184415852377
2.21	33.7535855244 +/- 0.192678107127
2.22	32.4405025802 +/- 0.169052733413
2.23	29.9397692238 +/- 0.160986663569
2.24	27.6731170417 +/- 0.156116162586
2.25	25.1049867117 +/- 0.133572516755
2.26	22.7194489093 +/- 0.138135656243
2.27	20.9092233091 +/- 0.0811285624514
2.28	19.0366677953 +/- 0.10726746865
2.29	17.2427349866 +/- 0.0914419184112
2.3	15.7155927929 +/- 0.0898703713972


# L = 32.0 
# X: T
# Y: Connected Susceptibility
1.9	0.651268715732 +/- 0.401451603149
1.91	0.322162178147 +/- 0.41855125282
1.92	1.39395617795 +/- 0.420625223908
1.93	1.14715750102 +/- 0.354364642582
1.94	1.00805806979 +/- 0.397504458593
1.95	0.746295997477 +/- 0.411088972122
1.96	0.846213776595 +/- 0.50776070061
1.97	1.10081051665 +/- 0.400444367565
1.98	0.413155288969 +/- 0.47797431404
1.99	0.856769444285 +/- 0.458969095645
2.0	1.58009145421 +/- 0.452279314425
2.01	0.580032095083 +/- 0.437304833081
2.02	1.68883802922 +/- 0.512074593562
2.03	1.42316487357 +/- 0.465948495041
2.04	1.31367695369 +/- 0.439543530502
2.05	2.94550623336 +/- 0.459594889136
2.06	2.79575455571 +/- 0.45613919511
2.07	4.03879495276 +/- 0.435380108444
2.08	6.41343714138 +/- 0.458340318143
2.09	6.68229230579 +/- 0.510559698053
2.1	10.2892842582 +/- 0.462855231926
2.11	13.5676023393 +/- 0.425444290409
2.12	20.235072392 +/- 0.519357742114
2.13	27.0684753425 +/- 0.434935507551
2.14	35.7940339974 +/- 0.476859867044
2.15	44.6199726951 +/- 0.520909959431
2.16	52.5751550223 +/- 0.421895177087
2.17	57.3588240396 +/- 0.397315770547
2.18	59.4611146024 +/- 0.312429456574
2.19	56.7021357616 +/- 0.335068131048
2.2	53.8038153462 +/- 0.279171758843
2.21	48.1292928754 +/- 0.266314409663
2.22	43.1418763016 +/- 0.237446092333
2.23	38.1574389007 +/- 0.231777639981
2.24	33.8275960877 +/- 0.191239564316
2.25	29.5732834538 +/- 0.15220198655
2.26	26.0968310698 +/- 0.157932600968
2.27	23.2140475297 +/- 0.141790556167
2.28	20.8054797566 +/- 0.121218474683
2.29	18.6720531341 +/- 0.11798043357
2.3	16.6788677982 +/- 0.102189291722


# L = 40.0 
# X: T
# Y: Connected Susceptibility
1.9	1.50147177629 +/- 0.695621208239
1.91	1.71962886289 +/- 0.721909253056
1.92	-0.110827968549 +/- 0.631501195133
1.93	1.23002405766 +/- 0.659532866005
1.94	1.23363335487 +/- 0.673914949896
1.95	-0.279307806797 +/- 0.576932799704
1.96	0.431255023337 +/- 0.681514202867
1.97	1.50119456402 +/- 0.725914452691
1.98	0.989162198869 +/- 0.760615458455
1.99	1.27638217128 +/- 0.6944193416
2.0	0.48652603404 +/- 0.730436100123
2.01	1.06368991753 +/- 0.716923614638
2.02	2.4825063787 +/- 0.742993727509
2.03	2.4100502078 +/- 0.722755922553
2.04	2.02454345586 +/- 0.679839662915
2.05	3.13069308354 +/- 0.751193424239
2.06	3.3631575732 +/- 0.744455302302
2.07	4.01232252103 +/- 0.696044974029
2.08	5.64731771536 +/- 0.800417049842
2.09	7.71135801556 +/- 0.745873195845
2.1	11.0326757305 +/- 0.687558854116
2.11	16.1968749513 +/- 0.760870596794
2.12	24.5893852387 +/- 0.736775213762
2.13	35.4756414532 +/- 0.719546434352
2.14	51.3786874822 +/- 0.787855788343
2.15	68.1252797966 +/- 0.774584692597
2.16	80.5773931234 +/- 0.608822092345
2.17	86.680931289 +/- 0.643654172406
2.18	85.6369750938 +/- 0.48291603386
2.19	77.5981877677 +/- 0.422160149689
2.2	68.1786521704 +/- 0.3967743904
2.21	58.5790496391 +/- 0.302985379853
2.22	50.0182578527 +/- 0.295086343997
2.23	42.6321923909 +/- 0.263580369715
2.24	36.3711217761 +/- 0.216670958196
2.25	31.6150362968 +/- 0.196621937845
2.26	27.4736385597 +/- 0.182021202338
2.27	24.1947937625 +/- 0.177614860399
2.28	21.5513713559 +/- 0.158907191087
2.29	19.4295045526 +/- 0.146796046437
2.3	17.2132629727 +/- 0.122944185085


